  1.07  1.07  1.07  1.07  1.07  1.07  1.07  1.07  1.07  1.07  1.07  1.07  1.07  1.07  1.07  1.07  1.07  1.07  1.07  1.07  1.07  1.07  1.07  1.07  1.07  1.07  1.07  1.07  1.07  1.07  1.07  1.07  1.07  1.07  1.07  1.07  1.07  1.07  1.07  1.07  1.07  1.07  1.07  1.07  1.07  1.07  1.07  1.07  1.07  1.07  1.07  1.07  1.07  1.07  1.07  1.07  1.07  1.07  1.07  1.07  1.07  1.07  1.07  1.07
  1.07  1.07  1.07  1.07  1.07  1.07  1.07  1.07  1.07  1.07  1.07  1.07  1.07  1.07  1.07  1.07  1.07  1.07  1.07  1.07  1.07  1.07  1.07  1.06  1.06  1.06  1.06  1.06  1.06  1.06  1.06  1.06  1.06  1.06  1.06  1.06  1.06  1.06  1.06  1.06  1.06  1.06  1.07  1.07  1.07  1.07  1.07  1.07  1.07  1.07  1.07  1.07  1.07  1.07  1.07  1.07  1.07  1.07  1.07  1.07  1.07  1.07  1.07  1.07
  1.08  1.08  1.08  1.08  1.08  1.08  1.08  1.08  1.08  1.08  1.07  1.07  1.07  1.07  1.07  1.07  1.07  1.07  1.07  1.07  1.06  1.06  1.06  1.06  1.06  1.06  1.06  1.06  1.06  1.06  1.06  1.06  1.06  1.06  1.06  1.06  1.06  1.06  1.06  1.06  1.06  1.06  1.06  1.06  1.06  1.07  1.07  1.07  1.07  1.07  1.07  1.07  1.07  1.07  1.07  1.08  1.08  1.08  1.08  1.08  1.08  1.08  1.08  1.08
  1.08  1.08  1.08  1.08  1.08  1.08  1.08  1.08  1.08  1.08  1.08  1.08  1.07  1.07  1.07  1.07  1.07  1.07  1.07  1.06  1.06  1.06  1.06  1.06  1.06  1.06  1.06  1.06  1.06  1.06  1.06  1.06  1.06  1.06  1.06  1.06  1.06  1.06  1.06  1.06  1.06  1.06  1.06  1.06  1.06  1.06  1.07  1.07  1.07  1.07  1.07  1.07  1.07  1.08  1.08  1.08  1.08  1.08  1.08  1.08  1.08  1.08  1.08  1.08
  1.09  1.09  1.09  1.09  1.09  1.09  1.09  1.08  1.08  1.08  1.08  1.08  1.08  1.07  1.07  1.07  1.07  1.07  1.06  1.06  1.06  1.06  1.06  1.06  1.06  1.06  1.06  1.06  1.05  1.05  1.05  1.05  1.05  1.05  1.05  1.05  1.05  1.06  1.06  1.06  1.06  1.06  1.06  1.06  1.06  1.06  1.06  1.07  1.07  1.07  1.07  1.07  1.08  1.08  1.08  1.08  1.08  1.08  1.09  1.09  1.09  1.09  1.09  1.09
  1.10  1.10  1.10  1.10  1.10  1.09  1.09  1.09  1.09  1.08  1.08  1.08  1.08  1.08  1.07  1.07  1.07  1.07  1.06  1.06  1.06  1.06  1.06  1.06  1.06  1.05  1.05  1.05  1.05  1.05  1.05  1.05  1.05  1.05  1.05  1.05  1.05  1.05  1.05  1.05  1.06  1.06  1.06  1.06  1.06  1.06  1.06  1.07  1.07  1.07  1.07  1.08  1.08  1.08  1.08  1.08  1.09  1.09  1.09  1.09  1.10  1.10  1.10  1.10
  1.11  1.11  1.11  1.10  1.10  1.10  1.10  1.09  1.09  1.09  1.09  1.08  1.08  1.08  1.07  1.07  1.07  1.07  1.06  1.06  1.06  1.06  1.06  1.05  1.05  1.05  1.05  1.05  1.05  1.05  1.05  1.05  1.05  1.05  1.05  1.05  1.05  1.05  1.05  1.05  1.05  1.05  1.06  1.06  1.06  1.06  1.06  1.07  1.07  1.07  1.07  1.08  1.08  1.08  1.09  1.09  1.09  1.09  1.10  1.10  1.10  1.10  1.11  1.11
  1.12  1.12  1.11  1.11  1.11  1.11  1.10  1.10  1.10  1.09  1.09  1.09  1.08  1.08  1.07  1.07  1.07  1.07  1.06  1.06  1.06  1.06  1.05  1.05  1.05  1.05  1.05  1.05  1.05  1.05  1.05  1.05  1.05  1.05  1.05  1.05  1.05  1.05  1.05  1.05  1.05  1.05  1.05  1.06  1.06  1.06  1.06  1.07  1.07  1.07  1.07  1.08  1.08  1.09  1.09  1.09  1.10  1.10  1.10  1.11  1.11  1.11  1.11  1.12
  1.13  1.13  1.13  1.12  1.12  1.12  1.11  1.11  1.10  1.10  1.09  1.09  1.08  1.08  1.08  1.07  1.07  1.07  1.06  1.06  1.06  1.06  1.05  1.05  1.05  1.05  1.05  1.05  1.05  1.05  1.05  1.05  1.05  1.05  1.05  1.05  1.05  1.05  1.05  1.05  1.05  1.05  1.05  1.06  1.06  1.06  1.06  1.07  1.07  1.07  1.08  1.08  1.08  1.09  1.09  1.10  1.10  1.11  1.11  1.12  1.12  1.12  1.13  1.13
  1.14  1.14  1.14  1.14  1.13  1.13  1.12  1.11  1.11  1.10  1.10  1.09  1.09  1.08  1.08  1.07  1.07  1.06  1.06  1.06  1.06  1.05  1.05  1.05  1.05  1.05  1.05  1.05  1.04  1.04  1.04  1.04  1.04  1.04  1.04  1.04  1.04  1.05  1.05  1.05  1.05  1.05  1.05  1.05  1.06  1.06  1.06  1.06  1.07  1.07  1.08  1.08  1.09  1.09  1.10  1.10  1.11  1.11  1.12  1.13  1.13  1.14  1.14  1.14
  1.16  1.16  1.15  1.15  1.14  1.14  1.13  1.12  1.12  1.11  1.10  1.09  1.09  1.08  1.08  1.07  1.07  1.06  1.06  1.06  1.06  1.05  1.05  1.05  1.05  1.05  1.04  1.04  1.04  1.04  1.04  1.04  1.04  1.04  1.04  1.04  1.04  1.04  1.04  1.05  1.05  1.05  1.05  1.05  1.06  1.06  1.06  1.06  1.07  1.07  1.08  1.08  1.09  1.09  1.10  1.11  1.12  1.12  1.13  1.14  1.14  1.15  1.15  1.16
  1.18  1.18  1.18  1.17  1.16  1.15  1.14  1.13  1.12  1.11  1.11  1.10  1.09  1.08  1.08  1.07  1.07  1.06  1.06  1.06  1.05  1.05  1.05  1.05  1.05  1.04  1.04  1.04  1.04  1.04  1.04  1.04  1.04  1.04  1.04  1.04  1.04  1.04  1.04  1.04  1.05  1.05  1.05  1.05  1.05  1.06  1.06  1.06  1.07  1.07  1.08  1.08  1.09  1.10  1.11  1.11  1.12  1.13  1.14  1.15  1.16  1.17  1.18  1.18
  1.21  1.21  1.20  1.19  1.18  1.17  1.16  1.15  1.13  1.12  1.11  1.10  1.09  1.09  1.08  1.07  1.07  1.06  1.06  1.06  1.05  1.05  1.05  1.05  1.04  1.04  1.04  1.04  1.04  1.04  1.04  1.04  1.04  1.04  1.04  1.04  1.04  1.04  1.04  1.04  1.04  1.05  1.05  1.05  1.05  1.06  1.06  1.06  1.07  1.07  1.08  1.09  1.09  1.10  1.11  1.12  1.13  1.15  1.16  1.17  1.18  1.19  1.20  1.21
  1.25  1.25  1.24  1.22  1.21  1.19  1.18  1.16  1.14  1.13  1.12  1.11  1.10  1.09  1.08  1.07  1.07  1.06  1.06  1.06  1.05  1.05  1.05  1.04  1.04  1.04  1.04  1.04  1.04  1.04  1.04  1.04  1.04  1.04  1.04  1.04  1.04  1.04  1.04  1.04  1.04  1.04  1.05  1.05  1.05  1.06  1.06  1.06  1.07  1.07  1.08  1.09  1.10  1.11  1.12  1.13  1.14  1.16  1.18  1.19  1.21  1.22  1.24  1.25
  1.31  1.30  1.29  1.27  1.25  1.22  1.20  1.18  1.16  1.14  1.12  1.11  1.10  1.09  1.08  1.07  1.07  1.06  1.06  1.05  1.05  1.05  1.05  1.04  1.04  1.04  1.04  1.04  1.04  1.04  1.04  1.04  1.04  1.04  1.04  1.04  1.04  1.04  1.04  1.04  1.04  1.04  1.05  1.05  1.05  1.05  1.06  1.06  1.07  1.07  1.08  1.09  1.10  1.11  1.12  1.14  1.16  1.18  1.20  1.22  1.25  1.27  1.29  1.30
  1.40  1.39  1.37  1.34  1.30  1.26  1.23  1.20  1.17  1.15  1.13  1.12  1.10  1.09  1.08  1.07  1.07  1.06  1.06  1.05  1.05  1.05  1.04  1.04  1.04  1.04  1.04  1.04  1.04  1.03  1.03  1.03  1.03  1.03  1.03  1.03  1.04  1.04  1.04  1.04  1.04  1.04  1.04  1.05  1.05  1.05  1.06  1.06  1.07  1.07  1.08  1.09  1.10  1.12  1.13  1.15  1.17  1.20  1.23  1.26  1.30  1.34  1.37  1.39
  1.58  1.56  1.51  1.45  1.38  1.32  1.27  1.22  1.19  1.16  1.14  1.12  1.11  1.09  1.08  1.08  1.07  1.06  1.06  1.05  1.05  1.05  1.04  1.04  1.04  1.04  1.04  1.04  1.03  1.03  1.03  1.03  1.03  1.03  1.03  1.03  1.03  1.04  1.04  1.04  1.04  1.04  1.04  1.05  1.05  1.05  1.06  1.06  1.07  1.08  1.08  1.09  1.11  1.12  1.14  1.16  1.19  1.22  1.27  1.32  1.38  1.45  1.51  1.56
  2.09  2.02  1.85  1.67  1.52  1.41  1.32  1.26  1.21  1.18  1.15  1.13  1.11  1.10  1.09  1.08  1.07  1.06  1.06  1.05  1.05  1.05  1.04  1.04  1.04  1.04  1.04  1.03  1.03  1.03  1.03  1.03  1.03  1.03  1.03  1.03  1.03  1.03  1.04  1.04  1.04  1.04  1.04  1.05  1.05  1.05  1.06  1.06  1.07  1.08  1.09  1.10  1.11  1.13  1.15  1.18  1.21  1.26  1.32  1.41  1.52  1.67  1.85  2.02
  3.06  3.11  1.00  2.44  1.84  1.57  1.41  1.31  1.24  1.19  1.16  1.13  1.11  1.10  1.09  1.08  1.07  1.06  1.06  1.05  1.05  1.04  1.04  1.04  1.04  1.04  1.03  1.03  1.03  1.03  1.03  1.03  1.03  1.03  1.03  1.03  1.03  1.03  1.03  1.04  1.04  1.04  1.04  1.04  1.05  1.05  1.06  1.06  1.07  1.08  1.09  1.10  1.11  1.13  1.16  1.19  1.24  1.31  1.41  1.57  1.84  2.44  1.00  3.11
  2.37  2.44  2.63  2.92  1.00  1.95  1.56  1.38  1.28  1.21  1.17  1.14  1.12  1.10  1.09  1.08  1.07  1.06  1.06  1.05  1.05  1.04  1.04  1.04  1.04  1.03  1.03  1.03  1.03  1.03  1.03  1.03  1.03  1.03  1.03  1.03  1.03  1.03  1.03  1.03  1.04  1.04  1.04  1.04  1.05  1.05  1.06  1.06  1.07  1.08  1.09  1.10  1.12  1.14  1.17  1.21  1.28  1.38  1.56  1.95  1.00  2.92  2.63  2.44
  1.37  1.48  1.79  2.21  2.69  1.00  1.90  1.50  1.33  1.24  1.19  1.15  1.12  1.10  1.09  1.08  1.07  1.06  1.05  1.05  1.05  1.04  1.04  1.04  1.03  1.03  1.03  1.03  1.03  1.03  1.03  1.03  1.03  1.03  1.03  1.03  1.03  1.03  1.03  1.03  1.03  1.04  1.04  1.04  1.05  1.05  1.05  1.06  1.07  1.08  1.09  1.10  1.12  1.15  1.19  1.24  1.33  1.50  1.90  1.00  2.69  2.21  1.79  1.48
  1.00  1.00  1.00  1.13  1.93  2.61  1.00  1.73  1.41  1.28  1.20  1.16  1.13  1.11  1.09  1.08  1.07  1.06  1.05  1.05  1.04  1.04  1.04  1.04  1.03  1.03  1.03  1.03  1.03  1.03  1.03  1.03  1.03  1.03  1.03  1.03  1.03  1.03  1.03  1.03  1.03  1.04  1.04  1.04  1.04  1.05  1.05  1.06  1.07  1.08  1.09  1.11  1.13  1.16  1.20  1.28  1.41  1.73  1.00  2.61  1.93  1.13  1.00  1.00
  1.00  1.00  1.00  1.00  0.45  1.85  2.70  2.44  1.54  1.32  1.23  1.17  1.13  1.11  1.09  1.08  1.07  1.06  1.05  1.05  1.04  1.04  1.04  1.04  1.03  1.03  1.03  1.03  1.03  1.03  1.03  1.03  1.03  1.03  1.03  1.03  1.03  1.03  1.03  1.03  1.03  1.04  1.04  1.04  1.04  1.05  1.05  1.06  1.07  1.08  1.09  1.11  1.13  1.17  1.23  1.32  1.54  2.44  2.70  1.85  0.45  1.00  1.00  1.00
  1.00  1.00  1.00  1.00  1.00  1.00  2.02  2.96  1.80  1.39  1.25  1.18  1.14  1.11  1.09  1.08  1.07  1.06  1.05  1.05  1.04  1.04  1.04  1.03  1.03  1.03  1.03  1.03  1.03  1.03  1.03  1.03  1.03  1.03  1.03  1.03  1.03  1.03  1.03  1.03  1.03  1.03  1.04  1.04  1.04  1.05  1.05  1.06  1.07  1.08  1.09  1.11  1.14  1.18  1.25  1.39  1.80  2.96  2.02  1.00  1.00  1.00  1.00  1.00
  1.00  1.00  1.00  1.00  1.00  1.00  0.94  2.40  2.68  1.50  1.29  1.20  1.15  1.12  1.10  1.08  1.07  1.06  1.05  1.05  1.04  1.04  1.04  1.03  1.03  1.03  1.03  1.03  1.03  1.03  1.02  1.02  1.02  1.02  1.02  1.03  1.03  1.03  1.03  1.03  1.03  1.03  1.04  1.04  1.04  1.05  1.05  1.06  1.07  1.08  1.10  1.12  1.15  1.20  1.29  1.50  2.68  2.40  0.94  1.00  1.00  1.00  1.00  1.00
  1.00  1.00  1.00  1.00  1.00  1.00  1.00  1.65  2.90  1.69  1.33  1.22  1.16  1.12  1.10  1.08  1.07  1.06  1.05  1.05  1.04  1.04  1.03  1.03  1.03  1.03  1.03  1.03  1.03  1.02  1.02  1.02  1.02  1.02  1.02  1.02  1.03  1.03  1.03  1.03  1.03  1.03  1.03  1.04  1.04  1.05  1.05  1.06  1.07  1.08  1.10  1.12  1.16  1.22  1.33  1.69  2.90  1.65  1.00  1.00  1.00  1.00  1.00  1.00
  1.00  1.00  1.00  1.00  1.00  1.00  1.00  1.00  2.37  2.15  1.40  1.24  1.16  1.12  1.10  1.08  1.07  1.06  1.05  1.05  1.04  1.04  1.03  1.03  1.03  1.03  1.03  1.03  1.02  1.02  1.02  1.02  1.02  1.02  1.02  1.02  1.02  1.03  1.03  1.03  1.03  1.03  1.03  1.04  1.04  1.05  1.05  1.06  1.07  1.08  1.10  1.12  1.16  1.24  1.40  2.15  2.37  1.00  1.00  1.00  1.00  1.00  1.00  1.00
  1.00  1.00  1.00  1.00  1.00  1.00  1.00  1.00  1.67  3.09  1.50  1.26  1.17  1.13  1.10  1.08  1.07  1.06  1.05  1.04  1.04  1.04  1.03  1.03  1.03  1.03  1.03  1.02  1.02  1.02  1.02  1.02  1.02  1.02  1.02  1.02  1.02  1.02  1.03  1.03  1.03  1.03  1.03  1.04  1.04  1.04  1.05  1.06  1.07  1.08  1.10  1.13  1.17  1.26  1.50  3.09  1.67  1.00  1.00  1.00  1.00  1.00  1.00  1.00
  1.00  1.00  1.00  1.00  1.00  1.00  1.00  1.00  1.00  2.64  1.67  1.30  1.19  1.13  1.10  1.08  1.07  1.06  1.05  1.04  1.04  1.04  1.03  1.03  1.03  1.03  1.02  1.02  1.02  1.02  1.02  1.02  1.02  1.02  1.02  1.02  1.02  1.02  1.02  1.03  1.03  1.03  1.03  1.04  1.04  1.04  1.05  1.06  1.07  1.08  1.10  1.13  1.19  1.30  1.67  2.64  1.00  1.00  1.00  1.00  1.00  1.00  1.00  1.00
  1.00  1.00  1.00  1.00  1.00  1.00  1.00  1.00  1.00  2.09  2.04  1.34  1.20  1.14  1.10  1.08  1.07  1.06  1.05  1.04  1.04  1.03  1.03  1.03  1.03  1.03  1.02  1.02  1.02  1.02  1.02  1.02  1.02  1.02  1.02  1.02  1.02  1.02  1.02  1.03  1.03  1.03  1.03  1.03  1.04  1.04  1.05  1.06  1.07  1.08  1.10  1.14  1.20  1.34  2.04  2.09  1.00  1.00  1.00  1.00  1.00  1.00  1.00  1.00
  1.00  1.00  1.00  1.00  1.00  1.00  1.00  1.00  1.00  1.32  1.00  1.40  1.22  1.14  1.11  1.08  1.07  1.06  1.05  1.04  1.04  1.03  1.03  1.03  1.03  1.02  1.02  1.02  1.02  1.02  1.02  1.02  1.02  1.02  1.02  1.02  1.02  1.02  1.02  1.02  1.03  1.03  1.03  1.03  1.04  1.04  1.05  1.06  1.07  1.08  1.11  1.14  1.22  1.40  1.00  1.32  1.00  1.00  1.00  1.00  1.00  1.00  1.00  1.00
  1.00  1.00  1.00  1.00  1.00  1.00  1.00  1.00  1.00  1.00  2.72  1.49  1.24  1.15  1.11  1.08  1.07  1.06  1.05  1.04  1.04  1.03  1.03  1.03  1.03  1.02  1.02  1.02  1.02  1.02  1.02  1.02  1.02  1.02  1.02  1.02  1.02  1.02  1.02  1.02  1.03  1.03  1.03  1.03  1.04  1.04  1.05  1.06  1.07  1.08  1.11  1.15  1.24  1.49  2.72  1.00  1.00  1.00  1.00  1.00  1.00  1.00  1.00  1.00
  1.00  1.00  1.00  1.00  1.00  1.00  1.00  1.00  1.00  1.00  2.25  1.64  1.26  1.16  1.11  1.09  1.07  1.06  1.05  1.04  1.04  1.03  1.03  1.03  1.02  1.02  1.02  1.02  1.02  1.02  1.02  1.02  1.02  1.02  1.02  1.02  1.02  1.02  1.02  1.02  1.02  1.03  1.03  1.03  1.04  1.04  1.05  1.06  1.07  1.09  1.11  1.16  1.26  1.64  2.25  1.00  1.00  1.00  1.00  1.00  1.00  1.00  1.00  1.00
  1.00  1.00  1.00  1.00  1.00  1.00  1.00  1.00  1.00  1.00  1.64  1.94  1.29  1.17  1.11  1.09  1.07  1.06  1.05  1.04  1.04  1.03  1.03  1.03  1.02  1.02  1.02  1.02  1.02  1.02  1.02  1.02  1.02  1.02  1.02  1.02  1.02  1.02  1.02  1.02  1.02  1.03  1.03  1.03  1.04  1.04  1.05  1.06  1.07  1.09  1.11  1.17  1.29  1.94  1.64  1.00  1.00  1.00  1.00  1.00  1.00  1.00  1.00  1.00
  1.00  1.00  1.00  1.00  1.00  1.00  1.00  1.00  1.00  1.00  0.57  2.96  1.32  1.18  1.12  1.09  1.07  1.06  1.05  1.04  1.04  1.03  1.03  1.03  1.02  1.02  1.02  1.02  1.02  1.02  1.02  1.02  1.02  1.02  1.02  1.02  1.02  1.02  1.02  1.02  1.02  1.03  1.03  1.03  1.04  1.04  1.05  1.06  1.07  1.09  1.12  1.18  1.32  2.96  0.57  1.00  1.00  1.00  1.00  1.00  1.00  1.00  1.00  1.00
  1.00  1.00  1.00  1.00  1.00  1.00  1.00  1.00  1.00  1.00  1.00  2.79  1.37  1.19  1.12  1.09  1.07  1.06  1.05  1.04  1.03  1.03  1.03  1.02  1.02  1.02  1.02  1.02  1.02  1.02  1.02  1.02  1.02  1.02  1.02  1.02  1.02  1.02  1.02  1.02  1.02  1.02  1.03  1.03  1.03  1.04  1.05  1.06  1.07  1.09  1.12  1.19  1.37  2.79  1.00  1.00  1.00  1.00  1.00  1.00  1.00  1.00  1.00  1.00
  1.00  1.00  1.00  1.00  1.00  1.00  1.00  1.00  1.00  1.00  1.00  2.38  1.44  1.20  1.12  1.09  1.07  1.05  1.05  1.04  1.03  1.03  1.03  1.02  1.02  1.02  1.02  1.02  1.02  1.02  1.02  1.02  1.02  1.02  1.02  1.02  1.02  1.02  1.02  1.02  1.02  1.02  1.03  1.03  1.03  1.04  1.05  1.05  1.07  1.09  1.12  1.20  1.44  2.38  1.00  1.00  1.00  1.00  1.00  1.00  1.00  1.00  1.00  1.00
  1.00  1.00  1.00  1.00  1.00  1.00  1.00  1.00  1.00  1.00  1.00  1.88  1.55  1.21  1.13  1.09  1.07  1.05  1.04  1.04  1.03  1.03  1.03  1.02  1.02  1.02  1.02  1.02  1.02  1.02  1.02  1.02  1.02  1.02  1.02  1.02  1.02  1.02  1.02  1.02  1.02  1.02  1.03  1.03  1.03  1.04  1.04  1.05  1.07  1.09  1.13  1.21  1.55  1.88  1.00  1.00  1.00  1.00  1.00  1.00  1.00  1.00  1.00  1.00
  1.00  1.00  1.00  1.00  1.00  1.00  1.00  1.00  1.00  1.00  1.00  1.18  1.72  1.23  1.13  1.09  1.07  1.05  1.04  1.04  1.03  1.03  1.03  1.02  1.02  1.02  1.02  1.02  1.02  1.02  1.02  1.01  1.01  1.01  1.02  1.02  1.02  1.02  1.02  1.02  1.02  1.02  1.03  1.03  1.03  1.04  1.04  1.05  1.07  1.09  1.13  1.23  1.72  1.18  1.00  1.00  1.00  1.00  1.00  1.00  1.00  1.00  1.00  1.00
  1.00  1.00  1.00  1.00  1.00  1.00  1.00  1.00  1.00  1.00  1.00  1.00  2.10  1.25  1.14  1.09  1.07  1.05  1.04  1.04  1.03  1.03  1.02  1.02  1.02  1.02  1.02  1.02  1.02  1.01  1.01  1.01  1.01  1.01  1.01  1.01  1.02  1.02  1.02  1.02  1.02  1.02  1.02  1.03  1.03  1.04  1.04  1.05  1.07  1.09  1.14  1.25  2.10  1.00  1.00  1.00  1.00  1.00  1.00  1.00  1.00  1.00  1.00  1.00
