  1.19  1.19  1.19  1.19  1.19  1.19  1.19  1.19  1.19  1.19  1.19  1.19  1.19  1.19  1.19  1.19  1.19  1.19  1.18  1.18  1.18  1.18  1.18  1.18  1.18  1.18  1.18  1.18  1.18  1.18  1.18  1.18  1.18  1.18  1.18  1.18  1.18  1.18  1.18  1.18  1.18  1.18  1.18  1.18  1.18  1.18  1.18  1.19  1.19  1.19  1.19  1.19  1.19  1.19  1.19  1.19  1.19  1.19  1.19  1.19  1.19  1.19  1.19  1.19
  1.20  1.20  1.20  1.20  1.20  1.20  1.20  1.20  1.20  1.20  1.20  1.19  1.19  1.19  1.19  1.19  1.19  1.18  1.18  1.18  1.18  1.18  1.18  1.18  1.18  1.17  1.17  1.17  1.17  1.17  1.17  1.17  1.17  1.17  1.17  1.17  1.17  1.17  1.17  1.17  1.18  1.18  1.18  1.18  1.18  1.18  1.18  1.18  1.19  1.19  1.19  1.19  1.19  1.19  1.20  1.20  1.20  1.20  1.20  1.20  1.20  1.20  1.20  1.20
  1.22  1.22  1.22  1.21  1.21  1.21  1.21  1.21  1.21  1.20  1.20  1.20  1.20  1.19  1.19  1.19  1.19  1.18  1.18  1.18  1.18  1.17  1.17  1.17  1.17  1.17  1.17  1.17  1.16  1.16  1.16  1.16  1.16  1.16  1.16  1.16  1.16  1.17  1.17  1.17  1.17  1.17  1.17  1.17  1.18  1.18  1.18  1.18  1.19  1.19  1.19  1.19  1.20  1.20  1.20  1.20  1.21  1.21  1.21  1.21  1.21  1.21  1.22  1.22
  1.23  1.23  1.23  1.23  1.23  1.22  1.22  1.22  1.22  1.21  1.21  1.20  1.20  1.20  1.19  1.19  1.19  1.18  1.18  1.18  1.17  1.17  1.17  1.16  1.16  1.16  1.16  1.16  1.16  1.16  1.16  1.15  1.15  1.15  1.16  1.16  1.16  1.16  1.16  1.16  1.16  1.16  1.17  1.17  1.17  1.18  1.18  1.18  1.19  1.19  1.19  1.20  1.20  1.20  1.21  1.21  1.22  1.22  1.22  1.22  1.23  1.23  1.23  1.23
  1.25  1.25  1.25  1.24  1.24  1.24  1.23  1.23  1.23  1.22  1.22  1.21  1.21  1.20  1.20  1.19  1.19  1.18  1.18  1.17  1.17  1.17  1.16  1.16  1.16  1.15  1.15  1.15  1.15  1.15  1.15  1.15  1.15  1.15  1.15  1.15  1.15  1.15  1.15  1.15  1.16  1.16  1.16  1.17  1.17  1.17  1.18  1.18  1.19  1.19  1.20  1.20  1.21  1.21  1.22  1.22  1.23  1.23  1.23  1.24  1.24  1.24  1.25  1.25
  1.27  1.26  1.26  1.26  1.26  1.25  1.25  1.24  1.24  1.23  1.22  1.22  1.21  1.20  1.20  1.19  1.19  1.18  1.18  1.17  1.17  1.16  1.16  1.15  1.15  1.15  1.15  1.14  1.14  1.14  1.14  1.14  1.14  1.14  1.14  1.14  1.14  1.14  1.15  1.15  1.15  1.15  1.16  1.16  1.17  1.17  1.18  1.18  1.19  1.19  1.20  1.20  1.21  1.22  1.22  1.23  1.24  1.24  1.25  1.25  1.26  1.26  1.26  1.26
  1.29  1.29  1.28  1.28  1.28  1.27  1.26  1.26  1.25  1.24  1.23  1.22  1.22  1.21  1.20  1.19  1.19  1.18  1.17  1.17  1.16  1.16  1.15  1.15  1.15  1.14  1.14  1.14  1.14  1.14  1.14  1.13  1.13  1.13  1.14  1.14  1.14  1.14  1.14  1.14  1.15  1.15  1.15  1.16  1.16  1.17  1.17  1.18  1.19  1.19  1.20  1.21  1.22  1.22  1.23  1.24  1.25  1.26  1.26  1.27  1.28  1.28  1.28  1.29
  1.31  1.31  1.31  1.30  1.30  1.29  1.28  1.27  1.26  1.25  1.24  1.23  1.22  1.21  1.20  1.19  1.19  1.18  1.17  1.17  1.16  1.15  1.15  1.15  1.14  1.14  1.14  1.13  1.13  1.13  1.13  1.13  1.13  1.13  1.13  1.13  1.13  1.13  1.14  1.14  1.14  1.15  1.15  1.15  1.16  1.17  1.17  1.18  1.19  1.19  1.20  1.21  1.22  1.23  1.24  1.25  1.26  1.27  1.28  1.29  1.30  1.30  1.31  1.31
  1.34  1.34  1.34  1.33  1.32  1.31  1.30  1.29  1.28  1.26  1.25  1.24  1.23  1.22  1.20  1.20  1.19  1.18  1.17  1.16  1.16  1.15  1.15  1.14  1.14  1.13  1.13  1.13  1.13  1.12  1.12  1.12  1.12  1.12  1.12  1.12  1.13  1.13  1.13  1.13  1.14  1.14  1.15  1.15  1.16  1.16  1.17  1.18  1.19  1.20  1.20  1.22  1.23  1.24  1.25  1.26  1.28  1.29  1.30  1.31  1.32  1.33  1.34  1.34
  1.38  1.38  1.37  1.36  1.35  1.34  1.32  1.31  1.29  1.28  1.26  1.25  1.23  1.22  1.21  1.20  1.19  1.18  1.17  1.16  1.15  1.15  1.14  1.14  1.13  1.13  1.13  1.12  1.12  1.12  1.12  1.12  1.12  1.12  1.12  1.12  1.12  1.12  1.13  1.13  1.13  1.14  1.14  1.15  1.15  1.16  1.17  1.18  1.19  1.20  1.21  1.22  1.23  1.25  1.26  1.28  1.29  1.31  1.32  1.34  1.35  1.36  1.37  1.38
  1.42  1.42  1.41  1.40  1.39  1.37  1.35  1.33  1.31  1.29  1.27  1.26  1.24  1.22  1.21  1.20  1.19  1.18  1.17  1.16  1.15  1.14  1.14  1.13  1.13  1.12  1.12  1.12  1.12  1.12  1.11  1.11  1.11  1.11  1.11  1.12  1.12  1.12  1.12  1.12  1.13  1.13  1.14  1.14  1.15  1.16  1.17  1.18  1.19  1.20  1.21  1.22  1.24  1.26  1.27  1.29  1.31  1.33  1.35  1.37  1.39  1.40  1.41  1.42
  1.48  1.48  1.47  1.45  1.43  1.41  1.38  1.36  1.33  1.31  1.29  1.27  1.25  1.23  1.21  1.20  1.19  1.17  1.16  1.16  1.15  1.14  1.13  1.13  1.12  1.12  1.12  1.11  1.11  1.11  1.11  1.11  1.11  1.11  1.11  1.11  1.11  1.11  1.12  1.12  1.12  1.13  1.13  1.14  1.15  1.16  1.16  1.17  1.19  1.20  1.21  1.23  1.25  1.27  1.29  1.31  1.33  1.36  1.38  1.41  1.43  1.45  1.47  1.48
  1.55  1.55  1.53  1.51  1.48  1.45  1.42  1.39  1.36  1.33  1.30  1.28  1.25  1.23  1.22  1.20  1.19  1.17  1.16  1.15  1.14  1.14  1.13  1.13  1.12  1.12  1.11  1.11  1.11  1.11  1.11  1.10  1.10  1.10  1.11  1.11  1.11  1.11  1.11  1.12  1.12  1.13  1.13  1.14  1.14  1.15  1.16  1.17  1.19  1.20  1.22  1.23  1.25  1.28  1.30  1.33  1.36  1.39  1.42  1.45  1.48  1.51  1.53  1.55
  1.65  1.65  1.63  1.59  1.55  1.51  1.47  1.42  1.38  1.35  1.32  1.29  1.26  1.24  1.22  1.20  1.19  1.17  1.16  1.15  1.14  1.13  1.13  1.12  1.12  1.11  1.11  1.11  1.10  1.10  1.10  1.10  1.10  1.10  1.10  1.10  1.10  1.11  1.11  1.11  1.12  1.12  1.13  1.13  1.14  1.15  1.16  1.17  1.19  1.20  1.22  1.24  1.26  1.29  1.32  1.35  1.38  1.42  1.47  1.51  1.55  1.59  1.63  1.65
  1.80  1.79  1.76  1.71  1.65  1.58  1.52  1.47  1.42  1.37  1.33  1.30  1.27  1.24  1.22  1.20  1.19  1.17  1.16  1.15  1.14  1.13  1.12  1.12  1.11  1.11  1.11  1.10  1.10  1.10  1.10  1.10  1.10  1.10  1.10  1.10  1.10  1.10  1.11  1.11  1.11  1.12  1.12  1.13  1.14  1.15  1.16  1.17  1.19  1.20  1.22  1.24  1.27  1.30  1.33  1.37  1.42  1.47  1.52  1.58  1.65  1.71  1.76  1.79
  2.05  2.03  1.97  1.88  1.78  1.69  1.60  1.52  1.45  1.40  1.35  1.31  1.28  1.25  1.22  1.20  1.19  1.17  1.16  1.15  1.14  1.13  1.12  1.12  1.11  1.11  1.10  1.10  1.10  1.10  1.09  1.09  1.09  1.09  1.09  1.10  1.10  1.10  1.10  1.11  1.11  1.12  1.12  1.13  1.14  1.15  1.16  1.17  1.19  1.20  1.22  1.25  1.28  1.31  1.35  1.40  1.45  1.52  1.60  1.69  1.78  1.88  1.97  2.03
  2.55  2.50  2.35  2.17  1.99  1.83  1.70  1.59  1.50  1.43  1.37  1.33  1.29  1.25  1.23  1.20  1.19  1.17  1.16  1.14  1.13  1.13  1.12  1.11  1.11  1.10  1.10  1.10  1.09  1.09  1.09  1.09  1.09  1.09  1.09  1.09  1.09  1.10  1.10  1.10  1.11  1.11  1.12  1.13  1.13  1.14  1.16  1.17  1.19  1.20  1.23  1.25  1.29  1.33  1.37  1.43  1.50  1.59  1.70  1.83  1.99  2.17  2.35  2.50
  4.55  4.17  3.45  2.82  2.38  2.06  1.84  1.68  1.56  1.47  1.40  1.34  1.30  1.26  1.23  1.21  1.19  1.17  1.15  1.14  1.13  1.12  1.12  1.11  1.10  1.10  1.10  1.09  1.09  1.09  1.09  1.09  1.09  1.09  1.09  1.09  1.09  1.09  1.10  1.10  1.10  1.11  1.12  1.12  1.13  1.14  1.15  1.17  1.19  1.21  1.23  1.26  1.30  1.34  1.40  1.47  1.56  1.68  1.84  2.06  2.38  2.82  3.45  4.17
  5.16  5.18  5.27  1.00  3.43  2.51  2.07  1.80  1.63  1.51  1.42  1.36  1.31  1.27  1.23  1.21  1.19  1.17  1.15  1.14  1.13  1.12  1.11  1.11  1.10  1.10  1.09  1.09  1.09  1.09  1.08  1.08  1.08  1.08  1.08  1.09  1.09  1.09  1.09  1.10  1.10  1.11  1.11  1.12  1.13  1.14  1.15  1.17  1.19  1.21  1.23  1.27  1.31  1.36  1.42  1.51  1.63  1.80  2.07  2.51  3.43  1.00  5.27  5.18
  4.78  4.81  4.91  5.06  5.27  3.88  2.48  1.99  1.73  1.57  1.46  1.38  1.32  1.27  1.24  1.21  1.19  1.17  1.15  1.14  1.13  1.12  1.11  1.10  1.10  1.09  1.09  1.09  1.08  1.08  1.08  1.08  1.08  1.08  1.08  1.08  1.08  1.09  1.09  1.09  1.10  1.10  1.11  1.12  1.13  1.14  1.15  1.17  1.19  1.21  1.24  1.27  1.32  1.38  1.46  1.57  1.73  1.99  2.48  3.88  5.27  5.06  4.91  4.81
  4.37  4.41  4.52  4.69  4.93  5.21  3.66  2.31  1.87  1.64  1.49  1.40  1.33  1.28  1.24  1.21  1.19  1.17  1.15  1.14  1.12  1.12  1.11  1.10  1.10  1.09  1.09  1.08  1.08  1.08  1.08  1.08  1.08  1.08  1.08  1.08  1.08  1.08  1.09  1.09  1.10  1.10  1.11  1.12  1.12  1.14  1.15  1.17  1.19  1.21  1.24  1.28  1.33  1.40  1.49  1.64  1.87  2.31  3.66  5.21  4.93  4.69  4.52  4.41
  3.92  3.96  4.09  4.29  4.56  4.87  5.23  3.01  2.07  1.73  1.54  1.42  1.34  1.29  1.24  1.21  1.19  1.17  1.15  1.13  1.12  1.11  1.11  1.10  1.09  1.09  1.08  1.08  1.08  1.08  1.08  1.07  1.07  1.07  1.08  1.08  1.08  1.08  1.08  1.09  1.09  1.10  1.11  1.11  1.12  1.13  1.15  1.17  1.19  1.21  1.24  1.29  1.34  1.42  1.54  1.73  2.07  3.01  5.23  4.87  4.56  4.29  4.09  3.96
  3.41  3.46  3.61  3.85  4.16  4.51  4.91  1.00  2.43  1.85  1.60  1.45  1.36  1.30  1.25  1.21  1.19  1.16  1.15  1.13  1.12  1.11  1.10  1.10  1.09  1.09  1.08  1.08  1.08  1.07  1.07  1.07  1.07  1.07  1.07  1.07  1.08  1.08  1.08  1.09  1.09  1.10  1.10  1.11  1.12  1.13  1.15  1.16  1.19  1.21  1.25  1.30  1.36  1.45  1.60  1.85  2.43  1.00  4.91  4.52  4.16  3.85  3.61  3.46
  2.81  2.87  3.06  3.35  3.71  4.12  4.57  5.04  3.26  2.03  1.66  1.48  1.38  1.30  1.25  1.21  1.19  1.16  1.14  1.13  1.12  1.11  1.10  1.09  1.09  1.08  1.08  1.08  1.07  1.07  1.07  1.07  1.07  1.07  1.07  1.07  1.07  1.08  1.08  1.08  1.09  1.09  1.10  1.11  1.12  1.13  1.14  1.16  1.19  1.21  1.25  1.30  1.38  1.48  1.66  2.03  3.26  5.04  4.57  4.12  3.71  3.35  3.06  2.87
  2.03  2.12  2.38  2.75  3.20  3.69  4.20  4.73  5.26  2.31  1.75  1.52  1.39  1.31  1.26  1.22  1.19  1.16  1.14  1.13  1.12  1.11  1.10  1.09  1.09  1.08  1.08  1.07  1.07  1.07  1.07  1.07  1.07  1.07  1.07  1.07  1.07  1.07  1.08  1.08  1.09  1.09  1.10  1.11  1.12  1.13  1.14  1.16  1.19  1.22  1.26  1.31  1.39  1.52  1.75  2.31  5.26  4.73  4.20  3.69  3.20  2.75  2.38  2.12
  0.60  0.87  1.40  1.99  2.59  3.20  3.80  4.40  4.98  2.88  1.87  1.57  1.42  1.32  1.26  1.22  1.19  1.16  1.14  1.13  1.11  1.10  1.10  1.09  1.08  1.08  1.07  1.07  1.07  1.07  1.07  1.06  1.06  1.06  1.07  1.07  1.07  1.07  1.07  1.08  1.08  1.09  1.10  1.10  1.11  1.13  1.14  1.16  1.19  1.22  1.26  1.32  1.42  1.57  1.87  2.88  4.98  4.40  3.80  3.20  2.59  1.99  1.40  0.87
  1.00  1.00  1.00  0.58  1.79  2.61  3.35  4.03  4.69  4.87  2.04  1.62  1.44  1.33  1.27  1.22  1.19  1.16  1.14  1.12  1.11  1.10  1.09  1.09  1.08  1.08  1.07  1.07  1.07  1.06  1.06  1.06  1.06  1.06  1.06  1.06  1.07  1.07  1.07  1.08  1.08  1.09  1.09  1.10  1.11  1.12  1.14  1.16  1.19  1.22  1.27  1.33  1.44  1.62  2.04  4.87  4.69  4.03  3.35  2.61  1.79  0.58  1.00  1.00
  1.00  1.00  1.00  1.00  1.00  1.85  2.82  3.63  4.37  5.06  2.31  1.69  1.46  1.35  1.27  1.22  1.19  1.16  1.14  1.12  1.11  1.10  1.09  1.08  1.08  1.07  1.07  1.07  1.06  1.06  1.06  1.06  1.06  1.06  1.06  1.06  1.06  1.07  1.07  1.07  1.08  1.08  1.09  1.10  1.11  1.12  1.14  1.16  1.19  1.22  1.27  1.35  1.46  1.69  2.31  5.06  4.37  3.63  2.82  1.85  1.00  1.00  1.00  1.00
  1.00  1.00  1.00  1.00  1.00  1.00  2.17  3.18  4.03  4.79  2.82  1.78  1.50  1.36  1.28  1.22  1.19  1.16  1.14  1.12  1.11  1.10  1.09  1.08  1.08  1.07  1.07  1.06  1.06  1.06  1.06  1.06  1.06  1.06  1.06  1.06  1.06  1.06  1.07  1.07  1.08  1.08  1.09  1.10  1.11  1.12  1.14  1.16  1.19  1.22  1.28  1.36  1.50  1.78  2.82  4.79  4.03  3.18  2.17  1.00  1.00  1.00  1.00  1.00
  1.00  1.00  1.00  1.00  1.00  1.00  1.21  2.65  3.65  4.50  4.29  1.89  1.53  1.37  1.28  1.23  1.19  1.16  1.14  1.12  1.11  1.09  1.09  1.08  1.07  1.07  1.07  1.06  1.06  1.06  1.06  1.06  1.06  1.06  1.06  1.06  1.06  1.06  1.07  1.07  1.07  1.08  1.09  1.09  1.11  1.12  1.14  1.16  1.19  1.23  1.28  1.37  1.53  1.89  4.29  4.50  3.65  2.65  1.21  1.00  1.00  1.00  1.00  1.00
  1.00  1.00  1.00  1.00  1.00  1.00  1.00  1.99  3.23  4.20  5.04  2.06  1.57  1.39  1.29  1.23  1.19  1.16  1.13  1.12  1.10  1.09  1.08  1.08  1.07  1.07  1.06  1.06  1.06  1.06  1.05  1.05  1.05  1.05  1.05  1.06  1.06  1.06  1.06  1.07  1.07  1.08  1.08  1.09  1.10  1.12  1.13  1.16  1.19  1.23  1.29  1.39  1.57  2.06  5.04  4.20  3.23  1.99  1.00  1.00  1.00  1.00  1.00  1.00
  1.00  1.00  1.00  1.00  1.00  1.00  1.00  0.94  2.75  3.86  4.79  2.31  1.62  1.40  1.29  1.23  1.19  1.16  1.13  1.12  1.10  1.09  1.08  1.08  1.07  1.06  1.06  1.06  1.06  1.05  1.05  1.05  1.05  1.05  1.05  1.05  1.06  1.06  1.06  1.06  1.07  1.08  1.08  1.09  1.10  1.12  1.13  1.16  1.19  1.23  1.29  1.40  1.62  2.30  4.79  3.86  2.75  0.94  1.00  1.00  1.00  1.00  1.00  1.00
  1.00  1.00  1.00  1.00  1.00  1.00  1.00  1.00  2.16  3.50  4.52  2.75  1.68  1.42  1.30  1.23  1.19  1.15  1.13  1.11  1.10  1.09  1.08  1.07  1.07  1.06  1.06  1.06  1.05  1.05  1.05  1.05  1.05  1.05  1.05  1.05  1.05  1.06  1.06  1.06  1.07  1.07  1.08  1.09  1.10  1.11  1.13  1.15  1.19  1.23  1.30  1.42  1.68  2.74  4.52  3.50  2.16  1.00  1.00  1.00  1.00  1.00  1.00  1.00
  1.00  1.00  1.00  1.00  1.00  1.00  1.00  1.00  1.33  3.09  4.24  3.83  1.75  1.44  1.31  1.23  1.19  1.15  1.13  1.11  1.10  1.09  1.08  1.07  1.07  1.06  1.06  1.05  1.05  1.05  1.05  1.05  1.05  1.05  1.05  1.05  1.05  1.05  1.06  1.06  1.07  1.07  1.08  1.09  1.10  1.11  1.13  1.15  1.19  1.23  1.31  1.44  1.75  3.83  4.24  3.09  1.34  1.00  1.00  1.00  1.00  1.00  1.00  1.00
  1.00  1.00  1.00  1.00  1.00  1.00  1.00  1.00  1.00  2.62  3.94  4.98  1.85  1.47  1.32  1.24  1.19  1.15  1.13  1.11  1.10  1.08  1.08  1.07  1.06  1.06  1.06  1.05  1.05  1.05  1.05  1.05  1.05  1.05  1.05  1.05  1.05  1.05  1.06  1.06  1.06  1.07  1.08  1.08  1.10  1.11  1.13  1.15  1.19  1.24  1.32  1.47  1.85  4.98  3.94  2.62  1.00  1.00  1.00  1.00  1.00  1.00  1.00  1.00
  1.00  1.00  1.00  1.00  1.00  1.00  1.00  1.00  1.00  2.05  3.62  4.75  1.98  1.49  1.32  1.24  1.19  1.15  1.13  1.11  1.09  1.08  1.07  1.07  1.06  1.06  1.05  1.05  1.05  1.05  1.05  1.04  1.04  1.04  1.05  1.05  1.05  1.05  1.05  1.06  1.06  1.07  1.07  1.08  1.09  1.11  1.13  1.15  1.19  1.24  1.32  1.49  1.98  4.75  3.62  2.05  1.00  1.00  1.00  1.00  1.00  1.00  1.00  1.00
  1.00  1.00  1.00  1.00  1.00  1.00  1.00  1.00  1.00  1.22  3.25  4.51  2.16  1.52  1.33  1.24  1.19  1.15  1.12  1.11  1.09  1.08  1.07  1.07  1.06  1.06  1.05  1.05  1.05  1.04  1.04  1.04  1.04  1.04  1.04  1.04  1.05  1.05  1.05  1.06  1.06  1.07  1.07  1.08  1.09  1.11  1.12  1.15  1.19  1.24  1.33  1.52  2.16  4.51  3.26  1.22  1.00  1.00  1.00  1.00  1.00  1.00  1.00  1.00
  1.00  1.00  1.00  1.00  1.00  1.00  1.00  1.00  1.00  1.00  2.85  4.25  2.46  1.56  1.34  1.24  1.19  1.15  1.12  1.10  1.09  1.08  1.07  1.06  1.06  1.05  1.05  1.05  1.04  1.04  1.04  1.04  1.04  1.04  1.04  1.04  1.04  1.05  1.05  1.05  1.06  1.06  1.07  1.08  1.09  1.10  1.12  1.15  1.19  1.24  1.34  1.56  2.46  4.25  2.85  1.00  1.00  1.00  1.00  1.00  1.00  1.00  1.00  1.00
  1.00  1.00  1.00  1.00  1.00  1.00  1.00  1.00  1.00  1.00  2.37  3.98  3.00  1.60  1.35  1.25  1.19  1.15  1.12  1.10  1.09  1.08  1.07  1.06  1.06  1.05  1.05  1.05  1.04  1.04  1.04  1.04  1.04  1.04  1.04  1.04  1.04  1.05  1.05  1.05  1.06  1.06  1.07  1.08  1.09  1.10  1.12  1.15  1.19  1.25  1.35  1.60  3.00  3.98  2.37  1.00  1.00  1.00  1.00  1.00  1.00  1.00  1.00  1.00
  1.00  1.00  1.00  1.00  1.00  1.00  1.00  1.00  1.00  1.00  1.78  3.68  4.60  1.65  1.36  1.25  1.19  1.15  1.12  1.10  1.09  1.08  1.07  1.06  1.05  1.05  1.05  1.04  1.04  1.04  1.04  1.04  1.04  1.04  1.04  1.04  1.04  1.04  1.05  1.05  1.05  1.06  1.07  1.08  1.09  1.10  1.12  1.15  1.19  1.25  1.36  1.65  4.60  3.68  1.78  1.00  1.00  1.00  1.00  1.00  1.00  1.00  1.00  1.00
