    1.00    0.10
    0.98    0.20
    0.96    0.29
    0.92    0.38
    0.88    0.47
    0.83    0.56
    0.77    0.63
    0.71    0.71
    0.63    0.77
    0.56    0.83
    0.47    0.88
    0.38    0.92
    0.29    0.96
    0.20    0.98
    0.10    1.00
    0.00    1.00
   -0.10    1.00
   -0.20    0.98
   -0.29    0.96
   -0.38    0.92
   -0.47    0.88
   -0.56    0.83
   -0.63    0.77
   -0.71    0.71
   -0.77    0.63
   -0.83    0.56
   -0.88    0.47
   -0.92    0.38
   -0.96    0.29
   -0.98    0.20
   -1.00    0.10
   -1.00    0.00
   -1.00   -0.10
   -0.98   -0.20
   -0.96   -0.29
   -0.92   -0.38
   -0.88   -0.47
   -0.83   -0.56
   -0.77   -0.63
   -0.71   -0.71
   -0.63   -0.77
   -0.56   -0.83
   -0.47   -0.88
   -0.38   -0.92
   -0.29   -0.96
   -0.20   -0.98
   -0.10   -1.00
    0.00   -1.00
    0.10   -1.00
    0.20   -0.98
    0.29   -0.96
    0.38   -0.92
    0.47   -0.88
    0.56   -0.83
    0.63   -0.77
    0.71   -0.71
    0.77   -0.63
    0.83   -0.56
    0.88   -0.47
    0.92   -0.38
    0.96   -0.29
    0.98   -0.20
    1.00   -0.10
    1.00    0.00
    1.99    0.20
    1.96    0.39
    1.91    0.58
    1.85    0.77
    1.76    0.94
    1.66    1.11
    1.55    1.27
    1.41    1.41
    1.27    1.55
    1.11    1.66
    0.94    1.76
    0.77    1.85
    0.58    1.91
    0.39    1.96
    0.20    1.99
    0.00    2.00
   -0.20    1.99
   -0.39    1.96
   -0.58    1.91
   -0.77    1.85
   -0.94    1.76
   -1.11    1.66
   -1.27    1.55
   -1.41    1.41
   -1.55    1.27
   -1.66    1.11
   -1.76    0.94
   -1.85    0.77
   -1.91    0.58
   -1.96    0.39
   -1.99    0.20
   -2.00    0.00
   -1.99   -0.20
   -1.96   -0.39
   -1.91   -0.58
   -1.85   -0.77
   -1.76   -0.94
   -1.66   -1.11
   -1.55   -1.27
   -1.41   -1.41
   -1.27   -1.55
   -1.11   -1.66
   -0.94   -1.76
   -0.77   -1.85
   -0.58   -1.91
   -0.39   -1.96
   -0.20   -1.99
    0.00   -2.00
    0.20   -1.99
    0.39   -1.96
    0.58   -1.91
    0.77   -1.85
    0.94   -1.76
    1.11   -1.66
    1.27   -1.55
    1.41   -1.41
    1.55   -1.27
    1.66   -1.11
    1.76   -0.94
    1.85   -0.77
    1.91   -0.58
    1.96   -0.39
    1.99   -0.20
    2.00    0.00
    2.99    0.29
    2.94    0.59
    2.87    0.87
    2.77    1.15
    2.65    1.41
    2.49    1.67
    2.32    1.90
    2.12    2.12
    1.90    2.32
    1.67    2.49
    1.41    2.65
    1.15    2.77
    0.87    2.87
    0.59    2.94
    0.29    2.99
    0.00    3.00
   -0.29    2.99
   -0.59    2.94
   -0.87    2.87
   -1.15    2.77
   -1.41    2.65
   -1.67    2.49
   -1.90    2.32
   -2.12    2.12
   -2.32    1.90
   -2.49    1.67
   -2.65    1.41
   -2.77    1.15
   -2.87    0.87
   -2.94    0.59
   -2.99    0.29
   -3.00    0.00
   -2.99   -0.29
   -2.94   -0.59
   -2.87   -0.87
   -2.77   -1.15
   -2.65   -1.41
   -2.49   -1.67
   -2.32   -1.90
   -2.12   -2.12
   -1.90   -2.32
   -1.67   -2.49
   -1.41   -2.65
   -1.15   -2.77
   -0.87   -2.87
   -0.59   -2.94
   -0.29   -2.99
    0.00   -3.00
    0.29   -2.99
    0.59   -2.94
    0.87   -2.87
    1.15   -2.77
    1.41   -2.65
    1.67   -2.49
    1.90   -2.32
    2.12   -2.12
    2.32   -1.90
    2.49   -1.67
    2.65   -1.41
    2.77   -1.15
    2.87   -0.87
    2.94   -0.59
    2.99   -0.29
    3.00    0.00
    3.98    0.39
    3.92    0.78
    3.83    1.16
    3.70    1.53
    3.53    1.89
    3.33    2.22
    3.09    2.54
    2.83    2.83
    2.54    3.09
    2.22    3.33
    1.89    3.53
    1.53    3.70
    1.16    3.83
    0.78    3.92
    0.39    3.98
    0.00    4.00
   -0.39    3.98
   -0.78    3.92
   -1.16    3.83
   -1.53    3.70
   -1.89    3.53
   -2.22    3.33
   -2.54    3.09
   -2.83    2.83
   -3.09    2.54
   -3.33    2.22
   -3.53    1.89
   -3.70    1.53
   -3.83    1.16
   -3.92    0.78
   -3.98    0.39
   -4.00    0.00
   -3.98   -0.39
   -3.92   -0.78
   -3.83   -1.16
   -3.70   -1.53
   -3.53   -1.89
   -3.33   -2.22
   -3.09   -2.54
   -2.83   -2.83
   -2.54   -3.09
   -2.22   -3.33
   -1.89   -3.53
   -1.53   -3.70
   -1.16   -3.83
   -0.78   -3.92
   -0.39   -3.98
    0.00   -4.00
    0.39   -3.98
    0.78   -3.92
    1.16   -3.83
    1.53   -3.70
    1.89   -3.53
    2.22   -3.33
    2.54   -3.09
    2.83   -2.83
    3.09   -2.54
    3.33   -2.22
    3.53   -1.89
    3.70   -1.53
    3.83   -1.16
    3.92   -0.78
    3.98   -0.39
    4.00    0.00
    4.98    0.49
    4.90    0.98
    4.78    1.45
    4.62    1.91
    4.41    2.36
    4.16    2.78
    3.87    3.17
    3.54    3.54
    3.17    3.87
    2.78    4.16
    2.36    4.41
    1.91    4.62
    1.45    4.78
    0.98    4.90
    0.49    4.98
    0.00    5.00
   -0.49    4.98
   -0.98    4.90
   -1.45    4.78
   -1.91    4.62
   -2.36    4.41
   -2.78    4.16
   -3.17    3.87
   -3.54    3.54
   -3.87    3.17
   -4.16    2.78
   -4.41    2.36
   -4.62    1.91
   -4.78    1.45
   -4.90    0.98
   -4.98    0.49
   -5.00    0.00
   -4.98   -0.49
   -4.90   -0.98
   -4.78   -1.45
   -4.62   -1.91
   -4.41   -2.36
   -4.16   -2.78
   -3.87   -3.17
   -3.54   -3.54
   -3.17   -3.87
   -2.78   -4.16
   -2.36   -4.41
   -1.91   -4.62
   -1.45   -4.78
   -0.98   -4.90
   -0.49   -4.98
    0.00   -5.00
    0.49   -4.98
    0.98   -4.90
    1.45   -4.78
    1.91   -4.62
    2.36   -4.41
    2.78   -4.16
    3.17   -3.87
    3.54   -3.54
    3.87   -3.17
    4.16   -2.78
    4.41   -2.36
    4.62   -1.91
    4.78   -1.45
    4.90   -0.98
    4.98   -0.49
    5.00    0.00
    5.97    0.59
    5.88    1.17
    5.74    1.74
    5.54    2.30
    5.29    2.83
    4.99    3.33
    4.64    3.81
    4.24    4.24
    3.81    4.64
    3.33    4.99
    2.83    5.29
    2.30    5.54
    1.74    5.74
    1.17    5.88
    0.59    5.97
    0.00    6.00
   -0.59    5.97
   -1.17    5.88
   -1.74    5.74
   -2.30    5.54
   -2.83    5.29
   -3.33    4.99
   -3.81    4.64
   -4.24    4.24
   -4.64    3.81
   -4.99    3.33
   -5.29    2.83
   -5.54    2.30
   -5.74    1.74
   -5.88    1.17
   -5.97    0.59
   -6.00    0.00
   -5.97   -0.59
   -5.88   -1.17
   -5.74   -1.74
   -5.54   -2.30
   -5.29   -2.83
   -4.99   -3.33
   -4.64   -3.81
   -4.24   -4.24
   -3.81   -4.64
   -3.33   -4.99
   -2.83   -5.29
   -2.30   -5.54
   -1.74   -5.74
   -1.17   -5.88
   -0.59   -5.97
    0.00   -6.00
    0.59   -5.97
    1.17   -5.88
    1.74   -5.74
    2.30   -5.54
    2.83   -5.29
    3.33   -4.99
    3.81   -4.64
    4.24   -4.24
    4.64   -3.81
    4.99   -3.33
    5.29   -2.83
    5.54   -2.30
    5.74   -1.74
    5.88   -1.17
    5.97   -0.59
    6.00    0.00
    6.97    0.69
    6.87    1.37
    6.70    2.03
    6.47    2.68
    6.17    3.30
    5.82    3.89
    5.41    4.44
    4.95    4.95
    4.44    5.41
    3.89    5.82
    3.30    6.17
    2.68    6.47
    2.03    6.70
    1.37    6.87
    0.69    6.97
    0.00    7.00
   -0.69    6.97
   -1.37    6.87
   -2.03    6.70
   -2.68    6.47
   -3.30    6.17
   -3.89    5.82
   -4.44    5.41
   -4.95    4.95
   -5.41    4.44
   -5.82    3.89
   -6.17    3.30
   -6.47    2.68
   -6.70    2.03
   -6.87    1.37
   -6.97    0.69
   -7.00    0.00
   -6.97   -0.69
   -6.87   -1.37
   -6.70   -2.03
   -6.47   -2.68
   -6.17   -3.30
   -5.82   -3.89
   -5.41   -4.44
   -4.95   -4.95
   -4.44   -5.41
   -3.89   -5.82
   -3.30   -6.17
   -2.68   -6.47
   -2.03   -6.70
   -1.37   -6.87
   -0.69   -6.97
    0.00   -7.00
    0.69   -6.97
    1.37   -6.87
    2.03   -6.70
    2.68   -6.47
    3.30   -6.17
    3.89   -5.82
    4.44   -5.41
    4.95   -4.95
    5.41   -4.44
    5.82   -3.89
    6.17   -3.30
    6.47   -2.68
    6.70   -2.03
    6.87   -1.37
    6.97   -0.69
    7.00    0.00
    7.96    0.78
    7.85    1.56
    7.66    2.32
    7.39    3.06
    7.06    3.77
    6.65    4.44
    6.18    5.08
    5.66    5.66
    5.08    6.18
    4.44    6.65
    3.77    7.06
    3.06    7.39
    2.32    7.66
    1.56    7.85
    0.78    7.96
    0.00    8.00
   -0.78    7.96
   -1.56    7.85
   -2.32    7.66
   -3.06    7.39
   -3.77    7.06
   -4.44    6.65
   -5.08    6.18
   -5.66    5.66
   -6.18    5.08
   -6.65    4.44
   -7.06    3.77
   -7.39    3.06
   -7.66    2.32
   -7.85    1.56
   -7.96    0.78
   -8.00    0.00
   -7.96   -0.78
   -7.85   -1.56
   -7.66   -2.32
   -7.39   -3.06
   -7.06   -3.77
   -6.65   -4.44
   -6.18   -5.08
   -5.66   -5.66
   -5.08   -6.18
   -4.44   -6.65
   -3.77   -7.06
   -3.06   -7.39
   -2.32   -7.66
   -1.56   -7.85
   -0.78   -7.96
    0.00   -8.00
    0.78   -7.96
    1.56   -7.85
    2.32   -7.66
    3.06   -7.39
    3.77   -7.06
    4.44   -6.65
    5.08   -6.18
    5.66   -5.66
    6.18   -5.08
    6.65   -4.44
    7.06   -3.77
    7.39   -3.06
    7.66   -2.32
    7.85   -1.56
    7.96   -0.78
    8.00    0.00
    8.96    0.88
    8.83    1.76
    8.61    2.61
    8.31    3.44
    7.94    4.24
    7.48    5.00
    6.96    5.71
    6.36    6.36
    5.71    6.96
    5.00    7.48
    4.24    7.94
    3.44    8.31
    2.61    8.61
    1.76    8.83
    0.88    8.96
    0.00    9.00
   -0.88    8.96
   -1.76    8.83
   -2.61    8.61
   -3.44    8.31
   -4.24    7.94
   -5.00    7.48
   -5.71    6.96
   -6.36    6.36
   -6.96    5.71
   -7.48    5.00
   -7.94    4.24
   -8.31    3.44
   -8.61    2.61
   -8.83    1.76
   -8.96    0.88
   -9.00    0.00
   -8.96   -0.88
   -8.83   -1.76
   -8.61   -2.61
   -8.31   -3.44
   -7.94   -4.24
   -7.48   -5.00
   -6.96   -5.71
   -6.36   -6.36
   -5.71   -6.96
   -5.00   -7.48
   -4.24   -7.94
   -3.44   -8.31
   -2.61   -8.61
   -1.76   -8.83
   -0.88   -8.96
    0.00   -9.00
    0.88   -8.96
    1.76   -8.83
    2.61   -8.61
    3.44   -8.31
    4.24   -7.94
    5.00   -7.48
    5.71   -6.96
    6.36   -6.36
    6.96   -5.71
    7.48   -5.00
    7.94   -4.24
    8.31   -3.44
    8.61   -2.61
    8.83   -1.76
    8.96   -0.88
    9.00    0.00
    9.95    0.98
    9.81    1.95
    9.57    2.90
    9.24    3.83
    8.82    4.71
    8.31    5.56
    7.73    6.34
    7.07    7.07
    6.34    7.73
    5.56    8.31
    4.71    8.82
    3.83    9.24
    2.90    9.57
    1.95    9.81
    0.98    9.95
    0.00   10.00
   -0.98    9.95
   -1.95    9.81
   -2.90    9.57
   -3.83    9.24
   -4.71    8.82
   -5.56    8.31
   -6.34    7.73
   -7.07    7.07
   -7.73    6.34
   -8.31    5.56
   -8.82    4.71
   -9.24    3.83
   -9.57    2.90
   -9.81    1.95
   -9.95    0.98
  -10.00    0.00
   -9.95   -0.98
   -9.81   -1.95
   -9.57   -2.90
   -9.24   -3.83
   -8.82   -4.71
   -8.31   -5.56
   -7.73   -6.34
   -7.07   -7.07
   -6.34   -7.73
   -5.56   -8.31
   -4.71   -8.82
   -3.83   -9.24
   -2.90   -9.57
   -1.95   -9.81
   -0.98   -9.95
    0.00  -10.00
    0.98   -9.95
    1.95   -9.81
    2.90   -9.57
    3.83   -9.24
    4.71   -8.82
    5.56   -8.31
    6.34   -7.73
    7.07   -7.07
    7.73   -6.34
    8.31   -5.56
    8.82   -4.71
    9.24   -3.83
    9.57   -2.90
    9.81   -1.95
    9.95   -0.98
   10.00    0.00
   10.95    1.08
   10.79    2.15
   10.53    3.19
   10.16    4.21
    9.70    5.19
    9.15    6.11
    8.50    6.98
    7.78    7.78
    6.98    8.50
    6.11    9.15
    5.19    9.70
    4.21   10.16
    3.19   10.53
    2.15   10.79
    1.08   10.95
    0.00   11.00
   -1.08   10.95
   -2.15   10.79
   -3.19   10.53
   -4.21   10.16
   -5.19    9.70
   -6.11    9.15
   -6.98    8.50
   -7.78    7.78
   -8.50    6.98
   -9.15    6.11
   -9.70    5.19
  -10.16    4.21
  -10.53    3.19
  -10.79    2.15
  -10.95    1.08
  -11.00    0.00
  -10.95   -1.08
  -10.79   -2.15
  -10.53   -3.19
  -10.16   -4.21
   -9.70   -5.19
   -9.15   -6.11
   -8.50   -6.98
   -7.78   -7.78
   -6.98   -8.50
   -6.11   -9.15
   -5.19   -9.70
   -4.21  -10.16
   -3.19  -10.53
   -2.15  -10.79
   -1.08  -10.95
    0.00  -11.00
    1.08  -10.95
    2.15  -10.79
    3.19  -10.53
    4.21  -10.16
    5.19   -9.70
    6.11   -9.15
    6.98   -8.50
    7.78   -7.78
    8.50   -6.98
    9.15   -6.11
    9.70   -5.19
   10.16   -4.21
   10.53   -3.19
   10.79   -2.15
   10.95   -1.08
   11.00    0.00
   11.94    1.18
   11.77    2.34
   11.48    3.48
   11.09    4.59
   10.58    5.66
    9.98    6.67
    9.28    7.61
    8.49    8.49
    7.61    9.28
    6.67    9.98
    5.66   10.58
    4.59   11.09
    3.48   11.48
    2.34   11.77
    1.18   11.94
    0.00   12.00
   -1.18   11.94
   -2.34   11.77
   -3.48   11.48
   -4.59   11.09
   -5.66   10.58
   -6.67    9.98
   -7.61    9.28
   -8.49    8.49
   -9.28    7.61
   -9.98    6.67
  -10.58    5.66
  -11.09    4.59
  -11.48    3.48
  -11.77    2.34
  -11.94    1.18
  -12.00    0.00
  -11.94   -1.18
  -11.77   -2.34
  -11.48   -3.48
  -11.09   -4.59
  -10.58   -5.66
   -9.98   -6.67
   -9.28   -7.61
   -8.49   -8.49
   -7.61   -9.28
   -6.67   -9.98
   -5.66  -10.58
   -4.59  -11.09
   -3.48  -11.48
   -2.34  -11.77
   -1.18  -11.94
    0.00  -12.00
    1.18  -11.94
    2.34  -11.77
    3.48  -11.48
    4.59  -11.09
    5.66  -10.58
    6.67   -9.98
    7.61   -9.28
    8.49   -8.49
    9.28   -7.61
    9.98   -6.67
   10.58   -5.66
   11.09   -4.59
   11.48   -3.48
   11.77   -2.34
   11.94   -1.18
   12.00    0.00
   12.94    1.27
   12.75    2.54
   12.44    3.77
   12.01    4.97
   11.46    6.13
   10.81    7.22
   10.05    8.25
    9.19    9.19
    8.25   10.05
    7.22   10.81
    6.13   11.46
    4.97   12.01
    3.77   12.44
    2.54   12.75
    1.27   12.94
    0.00   13.00
   -1.27   12.94
   -2.54   12.75
   -3.77   12.44
   -4.97   12.01
   -6.13   11.46
   -7.22   10.81
   -8.25   10.05
   -9.19    9.19
  -10.05    8.25
  -10.81    7.22
  -11.46    6.13
  -12.01    4.97
  -12.44    3.77
  -12.75    2.54
  -12.94    1.27
  -13.00    0.00
  -12.94   -1.27
  -12.75   -2.54
  -12.44   -3.77
  -12.01   -4.97
  -11.46   -6.13
  -10.81   -7.22
  -10.05   -8.25
   -9.19   -9.19
   -8.25  -10.05
   -7.22  -10.81
   -6.13  -11.46
   -4.97  -12.01
   -3.77  -12.44
   -2.54  -12.75
   -1.27  -12.94
    0.00  -13.00
    1.27  -12.94
    2.54  -12.75
    3.77  -12.44
    4.97  -12.01
    6.13  -11.47
    7.22  -10.81
    8.25  -10.05
    9.19   -9.19
   10.05   -8.25
   10.81   -7.22
   11.46   -6.13
   12.01   -4.97
   12.44   -3.77
   12.75   -2.54
   12.94   -1.27
   13.00    0.00
   13.93    1.37
   13.73    2.73
   13.40    4.06
   12.93    5.36
   12.35    6.60
   11.64    7.78
   10.82    8.88
    9.90    9.90
    8.88   10.82
    7.78   11.64
    6.60   12.35
    5.36   12.93
    4.06   13.40
    2.73   13.73
    1.37   13.93
    0.00   14.00
   -1.37   13.93
   -2.73   13.73
   -4.06   13.40
   -5.36   12.93
   -6.60   12.35
   -7.78   11.64
   -8.88   10.82
   -9.90    9.90
  -10.82    8.88
  -11.64    7.78
  -12.35    6.60
  -12.93    5.36
  -13.40    4.06
  -13.73    2.73
  -13.93    1.37
  -14.00    0.00
  -13.93   -1.37
  -13.73   -2.73
  -13.40   -4.06
  -12.93   -5.36
  -12.35   -6.60
  -11.64   -7.78
  -10.82   -8.88
   -9.90   -9.90
   -8.88  -10.82
   -7.78  -11.64
   -6.60  -12.35
   -5.36  -12.93
   -4.06  -13.40
   -2.73  -13.73
   -1.37  -13.93
    0.00  -14.00
    1.37  -13.93
    2.73  -13.73
    4.06  -13.40
    5.36  -12.93
    6.60  -12.35
    7.78  -11.64
    8.88  -10.82
    9.90   -9.90
   10.82   -8.88
   11.64   -7.78
   12.35   -6.60
   12.93   -5.36
   13.40   -4.06
   13.73   -2.73
   13.93   -1.37
   14.00    0.00
   14.93    1.47
   14.71    2.93
   14.35    4.35
   13.86    5.74
   13.23    7.07
   12.47    8.33
   11.60    9.52
   10.61   10.61
    9.52   11.60
    8.33   12.47
    7.07   13.23
    5.74   13.86
    4.35   14.35
    2.93   14.71
    1.47   14.93
    0.00   15.00
   -1.47   14.93
   -2.93   14.71
   -4.35   14.35
   -5.74   13.86
   -7.07   13.23
   -8.33   12.47
   -9.52   11.60
  -10.61   10.61
  -11.60    9.52
  -12.47    8.33
  -13.23    7.07
  -13.86    5.74
  -14.35    4.35
  -14.71    2.93
  -14.93    1.47
  -15.00    0.00
  -14.93   -1.47
  -14.71   -2.93
  -14.35   -4.35
  -13.86   -5.74
  -13.23   -7.07
  -12.47   -8.33
  -11.60   -9.52
  -10.61  -10.61
   -9.52  -11.60
   -8.33  -12.47
   -7.07  -13.23
   -5.74  -13.86
   -4.35  -14.35
   -2.93  -14.71
   -1.47  -14.93
    0.00  -15.00
    1.47  -14.93
    2.93  -14.71
    4.35  -14.35
    5.74  -13.86
    7.07  -13.23
    8.33  -12.47
    9.52  -11.60
   10.61  -10.61
   11.60   -9.52
   12.47   -8.33
   13.23   -7.07
   13.86   -5.74
   14.35   -4.35
   14.71   -2.93
   14.93   -1.47
   15.00    0.00
   15.92    1.57
   15.69    3.12
   15.31    4.64
   14.78    6.12
   14.11    7.54
   13.30    8.89
   12.37   10.15
   11.31   11.31
   10.15   12.37
    8.89   13.30
    7.54   14.11
    6.12   14.78
    4.64   15.31
    3.12   15.69
    1.57   15.92
    0.00   16.00
   -1.57   15.92
   -3.12   15.69
   -4.64   15.31
   -6.12   14.78
   -7.54   14.11
   -8.89   13.30
  -10.15   12.37
  -11.31   11.31
  -12.37   10.15
  -13.30    8.89
  -14.11    7.54
  -14.78    6.12
  -15.31    4.64
  -15.69    3.12
  -15.92    1.57
  -16.00    0.00
  -15.92   -1.57
  -15.69   -3.12
  -15.31   -4.64
  -14.78   -6.12
  -14.11   -7.54
  -13.30   -8.89
  -12.37  -10.15
  -11.31  -11.31
  -10.15  -12.37
   -8.89  -13.30
   -7.54  -14.11
   -6.12  -14.78
   -4.64  -15.31
   -3.12  -15.69
   -1.57  -15.92
    0.00  -16.00
    1.57  -15.92
    3.12  -15.69
    4.64  -15.31
    6.12  -14.78
    7.54  -14.11
    8.89  -13.30
   10.15  -12.37
   11.31  -11.31
   12.37  -10.15
   13.30   -8.89
   14.11   -7.54
   14.78   -6.12
   15.31   -4.64
   15.69   -3.12
   15.92   -1.57
   16.00    0.00
   16.92    1.67
   16.67    3.32
   16.27    4.93
   15.71    6.51
   14.99    8.01
   14.13    9.44
   13.14   10.78
   12.02   12.02
   10.78   13.14
    9.44   14.13
    8.01   14.99
    6.51   15.71
    4.93   16.27
    3.32   16.67
    1.67   16.92
    0.00   17.00
   -1.67   16.92
   -3.32   16.67
   -4.93   16.27
   -6.51   15.71
   -8.01   14.99
   -9.44   14.13
  -10.78   13.14
  -12.02   12.02
  -13.14   10.78
  -14.13    9.44
  -14.99    8.01
  -15.71    6.51
  -16.27    4.93
  -16.67    3.32
  -16.92    1.67
  -17.00    0.00
  -16.92   -1.67
  -16.67   -3.32
  -16.27   -4.93
  -15.71   -6.51
  -14.99   -8.01
  -14.14   -9.44
  -13.14  -10.78
  -12.02  -12.02
  -10.78  -13.14
   -9.44  -14.13
   -8.01  -14.99
   -6.51  -15.71
   -4.93  -16.27
   -3.32  -16.67
   -1.67  -16.92
    0.00  -17.00
    1.67  -16.92
    3.32  -16.67
    4.93  -16.27
    6.51  -15.71
    8.01  -14.99
    9.44  -14.14
   10.78  -13.14
   12.02  -12.02
   13.14  -10.78
   14.13   -9.44
   14.99   -8.01
   15.71   -6.51
   16.27   -4.93
   16.67   -3.32
   16.92   -1.67
   17.00    0.00
   17.91    1.76
   17.65    3.51
   17.22    5.23
   16.63    6.89
   15.87    8.49
   14.97   10.00
   13.91   11.42
   12.73   12.73
   11.42   13.91
   10.00   14.97
    8.49   15.87
    6.89   16.63
    5.23   17.22
    3.51   17.65
    1.76   17.91
    0.00   18.00
   -1.76   17.91
   -3.51   17.65
   -5.23   17.22
   -6.89   16.63
   -8.49   15.87
  -10.00   14.97
  -11.42   13.91
  -12.73   12.73
  -13.91   11.42
  -14.97   10.00
  -15.87    8.49
  -16.63    6.89
  -17.22    5.23
  -17.65    3.51
  -17.91    1.76
  -18.00    0.00
  -17.91   -1.76
  -17.65   -3.51
  -17.22   -5.23
  -16.63   -6.89
  -15.87   -8.49
  -14.97  -10.00
  -13.91  -11.42
  -12.73  -12.73
  -11.42  -13.91
  -10.00  -14.97
   -8.49  -15.87
   -6.89  -16.63
   -5.23  -17.22
   -3.51  -17.65
   -1.76  -17.91
    0.00  -18.00
    1.76  -17.91
    3.51  -17.65
    5.23  -17.22
    6.89  -16.63
    8.49  -15.87
   10.00  -14.97
   11.42  -13.91
   12.73  -12.73
   13.91  -11.42
   14.97  -10.00
   15.87   -8.49
   16.63   -6.89
   17.22   -5.23
   17.65   -3.51
   17.91   -1.76
   18.00    0.00
   18.91    1.86
   18.63    3.71
   18.18    5.52
   17.55    7.27
   16.76    8.96
   15.80   10.56
   14.69   12.05
   13.44   13.44
   12.05   14.69
   10.56   15.80
    8.96   16.76
    7.27   17.55
    5.52   18.18
    3.71   18.63
    1.86   18.91
    0.00   19.00
   -1.86   18.91
   -3.71   18.63
   -5.52   18.18
   -7.27   17.55
   -8.96   16.76
  -10.56   15.80
  -12.05   14.69
  -13.44   13.44
  -14.69   12.05
  -15.80   10.56
  -16.76    8.96
  -17.55    7.27
  -18.18    5.52
  -18.63    3.71
  -18.91    1.86
  -19.00    0.00
  -18.91   -1.86
  -18.63   -3.71
  -18.18   -5.52
  -17.55   -7.27
  -16.76   -8.96
  -15.80  -10.56
  -14.69  -12.05
  -13.44  -13.43
  -12.05  -14.69
  -10.56  -15.80
   -8.96  -16.76
   -7.27  -17.55
   -5.52  -18.18
   -3.71  -18.63
   -1.86  -18.91
    0.00  -19.00
    1.86  -18.91
    3.71  -18.63
    5.52  -18.18
    7.27  -17.55
    8.96  -16.76
   10.56  -15.80
   12.05  -14.69
   13.43  -13.44
   14.69  -12.05
   15.80  -10.56
   16.76   -8.96
   17.55   -7.27
   18.18   -5.52
   18.63   -3.71
   18.91   -1.86
   19.00    0.00
   19.90    1.96
   19.62    3.90
   19.14    5.81
   18.48    7.65
   17.64    9.43
   16.63   11.11
   15.46   12.69
   14.14   14.14
   12.69   15.46
   11.11   16.63
    9.43   17.64
    7.65   18.48
    5.81   19.14
    3.90   19.62
    1.96   19.90
    0.00   20.00
   -1.96   19.90
   -3.90   19.62
   -5.81   19.14
   -7.65   18.48
   -9.43   17.64
  -11.11   16.63
  -12.69   15.46
  -14.14   14.14
  -15.46   12.69
  -16.63   11.11
  -17.64    9.43
  -18.48    7.65
  -19.14    5.81
  -19.62    3.90
  -19.90    1.96
  -20.00    0.00
  -19.90   -1.96
  -19.62   -3.90
  -19.14   -5.81
  -18.48   -7.65
  -17.64   -9.43
  -16.63  -11.11
  -15.46  -12.69
  -14.14  -14.14
  -12.69  -15.46
  -11.11  -16.63
   -9.43  -17.64
   -7.65  -18.48
   -5.81  -19.14
   -3.90  -19.62
   -1.96  -19.90
    0.00  -20.00
    1.96  -19.90
    3.90  -19.62
    5.81  -19.14
    7.65  -18.48
    9.43  -17.64
   11.11  -16.63
   12.69  -15.46
   14.14  -14.14
   15.46  -12.69
   16.63  -11.11
   17.64   -9.43
   18.48   -7.65
   19.14   -5.81
   19.62   -3.90
   19.90   -1.96
   20.00    0.00
   20.90    2.06
   20.60    4.10
   20.10    6.10
   19.40    8.04
   18.52    9.90
   17.46   11.67
   16.23   13.32
   14.85   14.85
   13.32   16.23
   11.67   17.46
    9.90   18.52
    8.04   19.40
    6.10   20.10
    4.10   20.60
    2.06   20.90
    0.00   21.00
   -2.06   20.90
   -4.10   20.60
   -6.10   20.10
   -8.04   19.40
   -9.90   18.52
  -11.67   17.46
  -13.32   16.23
  -14.85   14.85
  -16.23   13.32
  -17.46   11.67
  -18.52    9.90
  -19.40    8.04
  -20.10    6.10
  -20.60    4.10
  -20.90    2.06
  -21.00    0.00
  -20.90   -2.06
  -20.60   -4.10
  -20.10   -6.10
  -19.40   -8.04
  -18.52   -9.90
  -17.46  -11.67
  -16.23  -13.32
  -14.85  -14.85
  -13.32  -16.23
  -11.67  -17.46
   -9.90  -18.52
   -8.04  -19.40
   -6.10  -20.10
   -4.10  -20.60
   -2.06  -20.90
    0.00  -21.00
    2.06  -20.90
    4.10  -20.60
    6.10  -20.10
    8.04  -19.40
    9.90  -18.52
   11.67  -17.46
   13.32  -16.23
   14.85  -14.85
   16.23  -13.32
   17.46  -11.67
   18.52   -9.90
   19.40   -8.04
   20.10   -6.10
   20.60   -4.10
   20.90   -2.06
   21.00    0.00
   21.89    2.16
   21.58    4.29
   21.05    6.39
   20.33    8.42
   19.40   10.37
   18.29   12.22
   17.01   13.96
   15.56   15.56
   13.96   17.01
   12.22   18.29
   10.37   19.40
    8.42   20.33
    6.39   21.05
    4.29   21.58
    2.16   21.89
    0.00   22.00
   -2.16   21.89
   -4.29   21.58
   -6.39   21.05
   -8.42   20.33
  -10.37   19.40
  -12.22   18.29
  -13.96   17.01
  -15.56   15.56
  -17.01   13.96
  -18.29   12.22
  -19.40   10.37
  -20.33    8.42
  -21.05    6.39
  -21.58    4.29
  -21.89    2.16
  -22.00    0.00
  -21.89   -2.16
  -21.58   -4.29
  -21.05   -6.39
  -20.33   -8.42
  -19.40  -10.37
  -18.29  -12.22
  -17.01  -13.96
  -15.56  -15.56
  -13.96  -17.01
  -12.22  -18.29
  -10.37  -19.40
   -8.42  -20.33
   -6.39  -21.05
   -4.29  -21.58
   -2.16  -21.89
    0.00  -22.00
    2.16  -21.89
    4.29  -21.58
    6.39  -21.05
    8.42  -20.33
   10.37  -19.40
   12.22  -18.29
   13.96  -17.01
   15.56  -15.56
   17.01  -13.96
   18.29  -12.22
   19.40  -10.37
   20.33   -8.42
   21.05   -6.39
   21.58   -4.29
   21.89   -2.16
   22.00    0.00
   22.89    2.25
   22.56    4.49
   22.01    6.68
   21.25    8.80
   20.28   10.84
   19.12   12.78
   17.78   14.59
   16.26   16.26
   14.59   17.78
   12.78   19.12
   10.84   20.28
    8.80   21.25
    6.68   22.01
    4.49   22.56
    2.25   22.89
    0.00   23.00
   -2.25   22.89
   -4.49   22.56
   -6.68   22.01
   -8.80   21.25
  -10.84   20.28
  -12.78   19.12
  -14.59   17.78
  -16.26   16.26
  -17.78   14.59
  -19.12   12.78
  -20.28   10.84
  -21.25    8.80
  -22.01    6.68
  -22.56    4.49
  -22.89    2.25
  -23.00    0.00
  -22.89   -2.25
  -22.56   -4.49
  -22.01   -6.68
  -21.25   -8.80
  -20.28  -10.84
  -19.12  -12.78
  -17.78  -14.59
  -16.26  -16.26
  -14.59  -17.78
  -12.78  -19.12
  -10.84  -20.28
   -8.80  -21.25
   -6.68  -22.01
   -4.49  -22.56
   -2.25  -22.89
    0.00  -23.00
    2.25  -22.89
    4.49  -22.56
    6.68  -22.01
    8.80  -21.25
   10.84  -20.28
   12.78  -19.12
   14.59  -17.78
   16.26  -16.26
   17.78  -14.59
   19.12  -12.78
   20.28  -10.84
   21.25   -8.80
   22.01   -6.68
   22.56   -4.49
   22.89   -2.25
   23.00    0.00
   23.88    2.35
   23.54    4.68
   22.97    6.97
   22.17    9.18
   21.17   11.31
   19.96   13.33
   18.55   15.23
   16.97   16.97
   15.23   18.55
   13.33   19.96
   11.31   21.17
    9.18   22.17
    6.97   22.97
    4.68   23.54
    2.35   23.88
    0.00   24.00
   -2.35   23.88
   -4.68   23.54
   -6.97   22.97
   -9.18   22.17
  -11.31   21.17
  -13.33   19.96
  -15.23   18.55
  -16.97   16.97
  -18.55   15.23
  -19.96   13.33
  -21.17   11.31
  -22.17    9.18
  -22.97    6.97
  -23.54    4.68
  -23.88    2.35
  -24.00    0.00
  -23.88   -2.35
  -23.54   -4.68
  -22.97   -6.97
  -22.17   -9.18
  -21.17  -11.31
  -19.96  -13.33
  -18.55  -15.23
  -16.97  -16.97
  -15.23  -18.55
  -13.33  -19.96
  -11.31  -21.17
   -9.18  -22.17
   -6.97  -22.97
   -4.68  -23.54
   -2.35  -23.88
    0.00  -24.00
    2.35  -23.88
    4.68  -23.54
    6.97  -22.97
    9.18  -22.17
   11.31  -21.17
   13.33  -19.96
   15.23  -18.55
   16.97  -16.97
   18.55  -15.23
   19.96  -13.33
   21.17  -11.31
   22.17   -9.18
   22.97   -6.97
   23.54   -4.68
   23.88   -2.35
   24.00    0.00
   24.88    2.45
   24.52    4.88
   23.92    7.26
   23.10    9.57
   22.05   11.78
   20.79   13.89
   19.33   15.86
   17.68   17.68
   15.86   19.33
   13.89   20.79
   11.78   22.05
    9.57   23.10
    7.26   23.92
    4.88   24.52
    2.45   24.88
    0.00   25.00
   -2.45   24.88
   -4.88   24.52
   -7.26   23.92
   -9.57   23.10
  -11.78   22.05
  -13.89   20.79
  -15.86   19.33
  -17.68   17.68
  -19.33   15.86
  -20.79   13.89
  -22.05   11.78
  -23.10    9.57
  -23.92    7.26
  -24.52    4.88
  -24.88    2.45
  -25.00    0.00
  -24.88   -2.45
  -24.52   -4.88
  -23.92   -7.26
  -23.10   -9.57
  -22.05  -11.78
  -20.79  -13.89
  -19.33  -15.86
  -17.68  -17.68
  -15.86  -19.33
  -13.89  -20.79
  -11.78  -22.05
   -9.57  -23.10
   -7.26  -23.92
   -4.88  -24.52
   -2.45  -24.88
    0.00  -25.00
    2.45  -24.88
    4.88  -24.52
    7.26  -23.92
    9.57  -23.10
   11.78  -22.05
   13.89  -20.79
   15.86  -19.33
   17.68  -17.68
   19.33  -15.86
   20.79  -13.89
   22.05  -11.79
   23.10   -9.57
   23.92   -7.26
   24.52   -4.88
   24.88   -2.45
   25.00    0.00
   25.87    2.55
   25.50    5.07
   24.88    7.55
   24.02    9.95
   22.93   12.26
   21.62   14.44
   20.10   16.49
   18.38   18.38
   16.49   20.10
   14.44   21.62
   12.26   22.93
    9.95   24.02
    7.55   24.88
    5.07   25.50
    2.55   25.87
    0.00   26.00
   -2.55   25.87
   -5.07   25.50
   -7.55   24.88
   -9.95   24.02
  -12.26   22.93
  -14.44   21.62
  -16.49   20.10
  -18.38   18.38
  -20.10   16.49
  -21.62   14.44
  -22.93   12.26
  -24.02    9.95
  -24.88    7.55
  -25.50    5.07
  -25.87    2.55
  -26.00    0.00
  -25.87   -2.55
  -25.50   -5.07
  -24.88   -7.55
  -24.02   -9.95
  -22.93  -12.26
  -21.62  -14.44
  -20.10  -16.49
  -18.38  -18.38
  -16.49  -20.10
  -14.44  -21.62
  -12.26  -22.93
   -9.95  -24.02
   -7.55  -24.88
   -5.07  -25.50
   -2.55  -25.87
    0.00  -26.00
    2.55  -25.87
    5.07  -25.50
    7.55  -24.88
    9.95  -24.02
   12.26  -22.93
   14.44  -21.62
   16.49  -20.10
   18.38  -18.38
   20.10  -16.49
   21.62  -14.44
   22.93  -12.26
   24.02   -9.95
   24.88   -7.55
   25.50   -5.07
   25.87   -2.55
   26.00    0.00
   26.87    2.65
   26.48    5.27
   25.84    7.84
   24.94   10.33
   23.81   12.73
   22.45   15.00
   20.87   17.13
   19.09   19.09
   17.13   20.87
   15.00   22.45
   12.73   23.81
   10.33   24.94
    7.84   25.84
    5.27   26.48
    2.65   26.87
    0.00   27.00
   -2.65   26.87
   -5.27   26.48
   -7.84   25.84
  -10.33   24.94
  -12.73   23.81
  -15.00   22.45
  -17.13   20.87
  -19.09   19.09
  -20.87   17.13
  -22.45   15.00
  -23.81   12.73
  -24.94   10.33
  -25.84    7.84
  -26.48    5.27
  -26.87    2.65
  -27.00    0.00
  -26.87   -2.65
  -26.48   -5.27
  -25.84   -7.84
  -24.94  -10.33
  -23.81  -12.73
  -22.45  -15.00
  -20.87  -17.13
  -19.09  -19.09
  -17.13  -20.87
  -15.00  -22.45
  -12.73  -23.81
  -10.33  -24.94
   -7.84  -25.84
   -5.27  -26.48
   -2.65  -26.87
    0.00  -27.00
    2.65  -26.87
    5.27  -26.48
    7.84  -25.84
   10.33  -24.94
   12.73  -23.81
   15.00  -22.45
   17.13  -20.87
   19.09  -19.09
   20.87  -17.13
   22.45  -15.00
   23.81  -12.73
   24.94  -10.33
   25.84   -7.84
   26.48   -5.27
   26.87   -2.65
   27.00    0.00
   27.87    2.74
   27.46    5.46
   26.79    8.13
   25.87   10.72
   24.69   13.20
   23.28   15.56
   21.64   17.76
   19.80   19.80
   17.76   21.64
   15.56   23.28
   13.20   24.69
   10.72   25.87
    8.13   26.79
    5.46   27.46
    2.74   27.87
    0.00   28.00
   -2.74   27.87
   -5.46   27.46
   -8.13   26.79
  -10.72   25.87
  -13.20   24.69
  -15.56   23.28
  -17.76   21.64
  -19.80   19.80
  -21.64   17.76
  -23.28   15.56
  -24.69   13.20
  -25.87   10.72
  -26.79    8.13
  -27.46    5.46
  -27.87    2.74
  -28.00    0.00
  -27.87   -2.74
  -27.46   -5.46
  -26.79   -8.13
  -25.87  -10.72
  -24.69  -13.20
  -23.28  -15.56
  -21.64  -17.76
  -19.80  -19.80
  -17.76  -21.64
  -15.56  -23.28
  -13.20  -24.69
  -10.72  -25.87
   -8.13  -26.79
   -5.46  -27.46
   -2.74  -27.87
    0.00  -28.00
    2.74  -27.87
    5.46  -27.46
    8.13  -26.79
   10.72  -25.87
   13.20  -24.69
   15.56  -23.28
   17.76  -21.64
   19.80  -19.80
   21.64  -17.76
   23.28  -15.56
   24.69  -13.20
   25.87  -10.72
   26.79   -8.13
   27.46   -5.46
   27.87   -2.74
   28.00    0.00
   28.86    2.84
   28.44    5.66
   27.75    8.42
   26.79   11.10
   25.58   13.67
   24.11   16.11
   22.42   18.40
   20.51   20.51
   18.40   22.42
   16.11   24.11
   13.67   25.58
   11.10   26.79
    8.42   27.75
    5.66   28.44
    2.84   28.86
    0.00   29.00
   -2.84   28.86
   -5.66   28.44
   -8.42   27.75
  -11.10   26.79
  -13.67   25.58
  -16.11   24.11
  -18.40   22.42
  -20.51   20.51
  -22.42   18.40
  -24.11   16.11
  -25.58   13.67
  -26.79   11.10
  -27.75    8.42
  -28.44    5.66
  -28.86    2.84
  -29.00    0.00
  -28.86   -2.84
  -28.44   -5.66
  -27.75   -8.42
  -26.79  -11.10
  -25.58  -13.67
  -24.11  -16.11
  -22.42  -18.40
  -20.51  -20.51
  -18.40  -22.42
  -16.11  -24.11
  -13.67  -25.58
  -11.10  -26.79
   -8.42  -27.75
   -5.66  -28.44
   -2.84  -28.86
    0.00  -29.00
    2.84  -28.86
    5.66  -28.44
    8.42  -27.75
   11.10  -26.79
   13.67  -25.58
   16.11  -24.11
   18.40  -22.42
   20.51  -20.51
   22.42  -18.40
   24.11  -16.11
   25.58  -13.67
   26.79  -11.10
   27.75   -8.42
   28.44   -5.66
   28.86   -2.84
   29.00    0.00
   29.86    2.94
   29.42    5.85
   28.71    8.71
   27.72   11.48
   26.46   14.14
   24.94   16.67
   23.19   19.03
   21.21   21.21
   19.03   23.19
   16.67   24.94
   14.14   26.46
   11.48   27.72
    8.71   28.71
    5.85   29.42
    2.94   29.86
    0.00   30.00
   -2.94   29.86
   -5.85   29.42
   -8.71   28.71
  -11.48   27.72
  -14.14   26.46
  -16.67   24.94
  -19.03   23.19
  -21.21   21.21
  -23.19   19.03
  -24.94   16.67
  -26.46   14.14
  -27.72   11.48
  -28.71    8.71
  -29.42    5.85
  -29.86    2.94
  -30.00    0.00
  -29.86   -2.94
  -29.42   -5.85
  -28.71   -8.71
  -27.72  -11.48
  -26.46  -14.14
  -24.94  -16.67
  -23.19  -19.03
  -21.21  -21.21
  -19.03  -23.19
  -16.67  -24.94
  -14.14  -26.46
  -11.48  -27.72
   -8.71  -28.71
   -5.85  -29.42
   -2.94  -29.86
    0.00  -30.00
    2.94  -29.86
    5.85  -29.42
    8.71  -28.71
   11.48  -27.72
   14.14  -26.46
   16.67  -24.94
   19.03  -23.19
   21.21  -21.21
   23.19  -19.03
   24.94  -16.67
   26.46  -14.14
   27.72  -11.48
   28.71   -8.71
   29.42   -5.85
   29.86   -2.94
   30.00    0.00
   30.85    3.04
   30.40    6.05
   29.67    9.00
   28.64   11.86
   27.34   14.61
   25.78   17.22
   23.96   19.67
   21.92   21.92
   19.67   23.96
   17.22   25.78
   14.61   27.34
   11.86   28.64
    9.00   29.67
    6.05   30.40
    3.04   30.85
    0.00   31.00
   -3.04   30.85
   -6.05   30.40
   -9.00   29.67
  -11.86   28.64
  -14.61   27.34
  -17.22   25.78
  -19.67   23.96
  -21.92   21.92
  -23.96   19.67
  -25.78   17.22
  -27.34   14.61
  -28.64   11.86
  -29.67    9.00
  -30.40    6.05
  -30.85    3.04
  -31.00    0.00
  -30.85   -3.04
  -30.40   -6.05
  -29.67   -9.00
  -28.64  -11.86
  -27.34  -14.61
  -25.78  -17.22
  -23.96  -19.67
  -21.92  -21.92
  -19.67  -23.96
  -17.22  -25.78
  -14.61  -27.34
  -11.86  -28.64
   -9.00  -29.67
   -6.05  -30.40
   -3.04  -30.85
    0.00  -31.00
    3.04  -30.85
    6.05  -30.40
    9.00  -29.67
   11.86  -28.64
   14.61  -27.34
   17.22  -25.78
   19.67  -23.96
   21.92  -21.92
   23.96  -19.67
   25.78  -17.22
   27.34  -14.61
   28.64  -11.86
   29.67   -9.00
   30.40   -6.05
   30.85   -3.04
   31.00    0.00
   31.85    3.14
   31.39    6.24
   30.62    9.29
   29.56   12.25
   28.22   15.08
   26.61   17.78
   24.74   20.30
   22.63   22.63
   20.30   24.74
   17.78   26.61
   15.08   28.22
   12.25   29.56
    9.29   30.62
    6.24   31.39
    3.14   31.85
    0.00   32.00
   -3.14   31.85
   -6.24   31.39
   -9.29   30.62
  -12.25   29.56
  -15.08   28.22
  -17.78   26.61
  -20.30   24.74
  -22.63   22.63
  -24.74   20.30
  -26.61   17.78
  -28.22   15.08
  -29.56   12.25
  -30.62    9.29
  -31.39    6.24
  -31.85    3.14
  -32.00    0.00
  -31.85   -3.14
  -31.39   -6.24
  -30.62   -9.29
  -29.56  -12.25
  -28.22  -15.08
  -26.61  -17.78
  -24.74  -20.30
  -22.63  -22.63
  -20.30  -24.74
  -17.78  -26.61
  -15.08  -28.22
  -12.25  -29.56
   -9.29  -30.62
   -6.24  -31.39
   -3.14  -31.85
    0.00  -32.00
    3.14  -31.85
    6.24  -31.39
    9.29  -30.62
   12.25  -29.56
   15.08  -28.22
   17.78  -26.61
   20.30  -24.74
   22.63  -22.63
   24.74  -20.30
   26.61  -17.78
   28.22  -15.08
   29.56  -12.25
   30.62   -9.29
   31.39   -6.24
   31.85   -3.14
   32.00    0.00
   32.84    3.23
   32.37    6.44
   31.58    9.58
   30.49   12.63
   29.10   15.56
   27.44   18.33
   25.51   20.93
   23.33   23.33
   20.93   25.51
   18.33   27.44
   15.56   29.10
   12.63   30.49
    9.58   31.58
    6.44   32.37
    3.23   32.84
    0.00   33.00
   -3.23   32.84
   -6.44   32.37
   -9.58   31.58
  -12.63   30.49
  -15.56   29.10
  -18.33   27.44
  -20.93   25.51
  -23.33   23.33
  -25.51   20.94
  -27.44   18.33
  -29.10   15.56
  -30.49   12.63
  -31.58    9.58
  -32.37    6.44
  -32.84    3.23
  -33.00    0.00
  -32.84   -3.23
  -32.37   -6.44
  -31.58   -9.58
  -30.49  -12.63
  -29.10  -15.56
  -27.44  -18.33
  -25.51  -20.93
  -23.33  -23.33
  -20.94  -25.51
  -18.33  -27.44
  -15.56  -29.10
  -12.63  -30.49
   -9.58  -31.58
   -6.44  -32.37
   -3.23  -32.84
    0.00  -33.00
    3.23  -32.84
    6.44  -32.37
    9.58  -31.58
   12.63  -30.49
   15.56  -29.10
   18.33  -27.44
   20.93  -25.51
   23.33  -23.33
   25.51  -20.94
   27.44  -18.33
   29.10  -15.56
   30.49  -12.63
   31.58   -9.58
   32.37   -6.44
   32.84   -3.23
   33.00    0.00
   33.84    3.33
   33.35    6.63
   32.54    9.87
   31.41   13.01
   29.99   16.03
   28.27   18.89
   26.28   21.57
   24.04   24.04
   21.57   26.28
   18.89   28.27
   16.03   29.99
   13.01   31.41
    9.87   32.54
    6.63   33.35
    3.33   33.84
    0.00   34.00
   -3.33   33.84
   -6.63   33.35
   -9.87   32.54
  -13.01   31.41
  -16.03   29.99
  -18.89   28.27
  -21.57   26.28
  -24.04   24.04
  -26.28   21.57
  -28.27   18.89
  -29.99   16.03
  -31.41   13.01
  -32.54    9.87
  -33.35    6.63
  -33.84    3.33
  -34.00    0.00
  -33.84   -3.33
  -33.35   -6.63
  -32.54   -9.87
  -31.41  -13.01
  -29.99  -16.03
  -28.27  -18.89
  -26.28  -21.57
  -24.04  -24.04
  -21.57  -26.28
  -18.89  -28.27
  -16.03  -29.99
  -13.01  -31.41
   -9.87  -32.54
   -6.63  -33.35
   -3.33  -33.84
    0.00  -34.00
    3.33  -33.84
    6.63  -33.35
    9.87  -32.54
   13.01  -31.41
   16.03  -29.99
   18.89  -28.27
   21.57  -26.28
   24.04  -24.04
   26.28  -21.57
   28.27  -18.89
   29.99  -16.03
   31.41  -13.01
   32.54   -9.87
   33.35   -6.63
   33.84   -3.33
   34.00    0.00
   34.83    3.43
   34.33    6.83
   33.49   10.16
   32.34   13.39
   30.87   16.50
   29.10   19.44
   27.06   22.20
   24.75   24.75
   22.20   27.06
   19.44   29.10
   16.50   30.87
   13.39   32.34
   10.16   33.49
    6.83   34.33
    3.43   34.83
    0.00   35.00
   -3.43   34.83
   -6.83   34.33
  -10.16   33.49
  -13.39   32.34
  -16.50   30.87
  -19.44   29.10
  -22.20   27.06
  -24.75   24.75
  -27.06   22.20
  -29.10   19.45
  -30.87   16.50
  -32.34   13.39
  -33.49   10.16
  -34.33    6.83
  -34.83    3.43
  -35.00    0.00
  -34.83   -3.43
  -34.33   -6.83
  -33.49  -10.16
  -32.34  -13.39
  -30.87  -16.50
  -29.10  -19.44
  -27.06  -22.20
  -24.75  -24.75
  -22.20  -27.06
  -19.45  -29.10
  -16.50  -30.87
  -13.39  -32.34
  -10.16  -33.49
   -6.83  -34.33
   -3.43  -34.83
    0.00  -35.00
    3.43  -34.83
    6.83  -34.33
   10.16  -33.49
   13.39  -32.34
   16.50  -30.87
   19.44  -29.10
   22.20  -27.06
   24.75  -24.75
   27.06  -22.20
   29.10  -19.45
   30.87  -16.50
   32.34  -13.39
   33.49  -10.16
   34.33   -6.83
   34.83   -3.43
   35.00    0.00
   35.83    3.53
   35.31    7.02
   34.45   10.45
   33.26   13.78
   31.75   16.97
   29.93   20.00
   27.83   22.84
   25.46   25.46
   22.84   27.83
   20.00   29.93
   16.97   31.75
   13.78   33.26
   10.45   34.45
    7.02   35.31
    3.53   35.83
    0.00   36.00
   -3.53   35.83
   -7.02   35.31
  -10.45   34.45
  -13.78   33.26
  -16.97   31.75
  -20.00   29.93
  -22.84   27.83
  -25.46   25.46
  -27.83   22.84
  -29.93   20.00
  -31.75   16.97
  -33.26   13.78
  -34.45   10.45
  -35.31    7.02
  -35.83    3.53
  -36.00    0.00
  -35.83   -3.53
  -35.31   -7.02
  -34.45  -10.45
  -33.26  -13.78
  -31.75  -16.97
  -29.93  -20.00
  -27.83  -22.84
  -25.46  -25.46
  -22.84  -27.83
  -20.00  -29.93
  -16.97  -31.75
  -13.78  -33.26
  -10.45  -34.45
   -7.02  -35.31
   -3.53  -35.83
    0.00  -36.00
    3.53  -35.83
    7.02  -35.31
   10.45  -34.45
   13.78  -33.26
   16.97  -31.75
   20.00  -29.93
   22.84  -27.83
   25.46  -25.46
   27.83  -22.84
   29.93  -20.00
   31.75  -16.97
   33.26  -13.78
   34.45  -10.45
   35.31   -7.02
   35.83   -3.53
   36.00    0.00
   36.82    3.63
   36.29    7.22
   35.41   10.74
   34.18   14.16
   32.63   17.44
   30.76   20.56
   28.60   23.47
   26.16   26.16
   23.47   28.60
   20.56   30.76
   17.44   32.63
   14.16   34.18
   10.74   35.41
    7.22   36.29
    3.63   36.82
    0.00   37.00
   -3.63   36.82
   -7.22   36.29
  -10.74   35.41
  -14.16   34.18
  -17.44   32.63
  -20.56   30.76
  -23.47   28.60
  -26.16   26.16
  -28.60   23.47
  -30.76   20.56
  -32.63   17.44
  -34.18   14.16
  -35.41   10.74
  -36.29    7.22
  -36.82    3.63
  -37.00    0.00
  -36.82   -3.63
  -36.29   -7.22
  -35.41  -10.74
  -34.18  -14.16
  -32.63  -17.44
  -30.76  -20.56
  -28.60  -23.47
  -26.16  -26.16
  -23.47  -28.60
  -20.56  -30.76
  -17.44  -32.63
  -14.16  -34.18
  -10.74  -35.41
   -7.22  -36.29
   -3.63  -36.82
    0.00  -37.00
    3.63  -36.82
    7.22  -36.29
   10.74  -35.41
   14.16  -34.18
   17.44  -32.63
   20.56  -30.76
   23.47  -28.60
   26.16  -26.16
   28.60  -23.47
   30.76  -20.56
   32.63  -17.44
   34.18  -14.16
   35.41  -10.74
   36.29   -7.22
   36.82   -3.63
   37.00    0.00
   37.82    3.72
   37.27    7.41
   36.36   11.03
   35.11   14.54
   33.51   17.91
   31.60   21.11
   29.37   24.11
   26.87   26.87
   24.11   29.37
   21.11   31.60
   17.91   33.51
   14.54   35.11
   11.03   36.36
    7.41   37.27
    3.72   37.82
    0.00   38.00
   -3.72   37.82
   -7.41   37.27
  -11.03   36.36
  -14.54   35.11
  -17.91   33.51
  -21.11   31.60
  -24.11   29.37
  -26.87   26.87
  -29.37   24.11
  -31.60   21.11
  -33.51   17.91
  -35.11   14.54
  -36.36   11.03
  -37.27    7.41
  -37.82    3.72
  -38.00    0.00
  -37.82   -3.72
  -37.27   -7.41
  -36.36  -11.03
  -35.11  -14.54
  -33.51  -17.91
  -31.60  -21.11
  -29.37  -24.11
  -26.87  -26.87
  -24.11  -29.37
  -21.11  -31.60
  -17.91  -33.51
  -14.54  -35.11
  -11.03  -36.36
   -7.41  -37.27
   -3.72  -37.82
    0.00  -38.00
    3.72  -37.82
    7.41  -37.27
   11.03  -36.36
   14.54  -35.11
   17.91  -33.51
   21.11  -31.60
   24.11  -29.37
   26.87  -26.87
   29.37  -24.11
   31.60  -21.11
   33.51  -17.91
   35.11  -14.54
   36.36  -11.03
   37.27   -7.41
   37.82   -3.72
   38.00    0.00
   38.81    3.82
   38.25    7.61
   37.32   11.32
   36.03   14.92
   34.39   18.38
   32.43   21.67
   30.15   24.74
   27.58   27.58
   24.74   30.15
   21.67   32.43
   18.38   34.39
   14.92   36.03
   11.32   37.32
    7.61   38.25
    3.82   38.81
    0.00   39.00
   -3.82   38.81
   -7.61   38.25
  -11.32   37.32
  -14.92   36.03
  -18.38   34.39
  -21.67   32.43
  -24.74   30.15
  -27.58   27.58
  -30.15   24.74
  -32.43   21.67
  -34.39   18.38
  -36.03   14.92
  -37.32   11.32
  -38.25    7.61
  -38.81    3.82
  -39.00    0.00
  -38.81   -3.82
  -38.25   -7.61
  -37.32  -11.32
  -36.03  -14.92
  -34.39  -18.38
  -32.43  -21.67
  -30.15  -24.74
  -27.58  -27.58
  -24.74  -30.15
  -21.67  -32.43
  -18.38  -34.39
  -14.92  -36.03
  -11.32  -37.32
   -7.61  -38.25
   -3.82  -38.81
    0.00  -39.00
    3.82  -38.81
    7.61  -38.25
   11.32  -37.32
   14.92  -36.03
   18.38  -34.40
   21.67  -32.43
   24.74  -30.15
   27.58  -27.58
   30.15  -24.74
   32.43  -21.67
   34.39  -18.38
   36.03  -14.92
   37.32  -11.32
   38.25   -7.61
   38.81   -3.82
   39.00    0.00
   39.81    3.92
   39.23    7.80
   38.28   11.61
   36.96   15.31
   35.28   18.86
   33.26   22.22
   30.92   25.38
   28.28   28.28
   25.38   30.92
   22.22   33.26
   18.86   35.28
   15.31   36.96
   11.61   38.28
    7.80   39.23
    3.92   39.81
    0.00   40.00
   -3.92   39.81
   -7.80   39.23
  -11.61   38.28
  -15.31   36.96
  -18.86   35.28
  -22.22   33.26
  -25.38   30.92
  -28.28   28.28
  -30.92   25.38
  -33.26   22.22
  -35.28   18.86
  -36.96   15.31
  -38.28   11.61
  -39.23    7.80
  -39.81    3.92
  -40.00    0.00
  -39.81   -3.92
  -39.23   -7.80
  -38.28  -11.61
  -36.96  -15.31
  -35.28  -18.86
  -33.26  -22.22
  -30.92  -25.38
  -28.28  -28.28
  -25.38  -30.92
  -22.22  -33.26
  -18.86  -35.28
  -15.31  -36.96
  -11.61  -38.28
   -7.80  -39.23
   -3.92  -39.81
    0.00  -40.00
    3.92  -39.81
    7.80  -39.23
   11.61  -38.28
   15.31  -36.96
   18.86  -35.28
   22.22  -33.26
   25.38  -30.92
   28.28  -28.28
   30.92  -25.38
   33.26  -22.22
   35.28  -18.86
   36.96  -15.31
   38.28  -11.61
   39.23   -7.80
   39.81   -3.92
   40.00    0.00
                