    0.50    0.05
    0.49    0.10
    0.48    0.15
    0.46    0.19
    0.44    0.24
    0.42    0.28
    0.39    0.32
    0.35    0.35
    0.32    0.39
    0.28    0.42
    0.24    0.44
    0.19    0.46
    0.15    0.48
    0.10    0.49
    0.05    0.50
    0.00    0.50
   -0.05    0.50
   -0.10    0.49
   -0.15    0.48
   -0.19    0.46
   -0.24    0.44
   -0.28    0.42
   -0.32    0.39
   -0.35    0.35
   -0.39    0.32
   -0.42    0.28
   -0.44    0.24
   -0.46    0.19
   -0.48    0.15
   -0.49    0.10
   -0.50    0.05
   -0.50    0.00
   -0.50   -0.05
   -0.49   -0.10
   -0.48   -0.15
   -0.46   -0.19
   -0.44   -0.24
   -0.42   -0.28
   -0.39   -0.32
   -0.35   -0.35
   -0.32   -0.39
   -0.28   -0.42
   -0.24   -0.44
   -0.19   -0.46
   -0.15   -0.48
   -0.10   -0.49
   -0.05   -0.50
    0.00   -0.50
    0.05   -0.50
    0.10   -0.49
    0.15   -0.48
    0.19   -0.46
    0.24   -0.44
    0.28   -0.42
    0.32   -0.39
    0.35   -0.35
    0.39   -0.32
    0.42   -0.28
    0.44   -0.24
    0.46   -0.19
    0.48   -0.15
    0.49   -0.10
    0.50   -0.05
    0.50    0.00
    1.00    0.10
    0.98    0.20
    0.96    0.29
    0.92    0.38
    0.88    0.47
    0.83    0.56
    0.77    0.63
    0.71    0.71
    0.63    0.77
    0.56    0.83
    0.47    0.88
    0.38    0.92
    0.29    0.96
    0.20    0.98
    0.10    1.00
    0.00    1.00
   -0.10    1.00
   -0.20    0.98
   -0.29    0.96
   -0.38    0.92
   -0.47    0.88
   -0.56    0.83
   -0.63    0.77
   -0.71    0.71
   -0.77    0.63
   -0.83    0.56
   -0.88    0.47
   -0.92    0.38
   -0.96    0.29
   -0.98    0.20
   -1.00    0.10
   -1.00    0.00
   -1.00   -0.10
   -0.98   -0.20
   -0.96   -0.29
   -0.92   -0.38
   -0.88   -0.47
   -0.83   -0.56
   -0.77   -0.63
   -0.71   -0.71
   -0.63   -0.77
   -0.56   -0.83
   -0.47   -0.88
   -0.38   -0.92
   -0.29   -0.96
   -0.20   -0.98
   -0.10   -1.00
    0.00   -1.00
    0.10   -1.00
    0.20   -0.98
    0.29   -0.96
    0.38   -0.92
    0.47   -0.88
    0.56   -0.83
    0.63   -0.77
    0.71   -0.71
    0.77   -0.63
    0.83   -0.56
    0.88   -0.47
    0.92   -0.38
    0.96   -0.29
    0.98   -0.20
    1.00   -0.10
    1.00    0.00
    1.49    0.15
    1.47    0.29
    1.44    0.44
    1.39    0.57
    1.32    0.71
    1.25    0.83
    1.16    0.95
    1.06    1.06
    0.95    1.16
    0.83    1.25
    0.71    1.32
    0.57    1.39
    0.44    1.44
    0.29    1.47
    0.15    1.49
    0.00    1.50
   -0.15    1.49
   -0.29    1.47
   -0.44    1.44
   -0.57    1.39
   -0.71    1.32
   -0.83    1.25
   -0.95    1.16
   -1.06    1.06
   -1.16    0.95
   -1.25    0.83
   -1.32    0.71
   -1.39    0.57
   -1.44    0.44
   -1.47    0.29
   -1.49    0.15
   -1.50    0.00
   -1.49   -0.15
   -1.47   -0.29
   -1.44   -0.44
   -1.39   -0.57
   -1.32   -0.71
   -1.25   -0.83
   -1.16   -0.95
   -1.06   -1.06
   -0.95   -1.16
   -0.83   -1.25
   -0.71   -1.32
   -0.57   -1.39
   -0.44   -1.44
   -0.29   -1.47
   -0.15   -1.49
    0.00   -1.50
    0.15   -1.49
    0.29   -1.47
    0.44   -1.44
    0.57   -1.39
    0.71   -1.32
    0.83   -1.25
    0.95   -1.16
    1.06   -1.06
    1.16   -0.95
    1.25   -0.83
    1.32   -0.71
    1.39   -0.57
    1.44   -0.44
    1.47   -0.29
    1.49   -0.15
    1.50    0.00
    1.99    0.20
    1.96    0.39
    1.91    0.58
    1.85    0.77
    1.76    0.94
    1.66    1.11
    1.55    1.27
    1.41    1.41
    1.27    1.55
    1.11    1.66
    0.94    1.76
    0.77    1.85
    0.58    1.91
    0.39    1.96
    0.20    1.99
    0.00    2.00
   -0.20    1.99
   -0.39    1.96
   -0.58    1.91
   -0.77    1.85
   -0.94    1.76
   -1.11    1.66
   -1.27    1.55
   -1.41    1.41
   -1.55    1.27
   -1.66    1.11
   -1.76    0.94
   -1.85    0.77
   -1.91    0.58
   -1.96    0.39
   -1.99    0.20
   -2.00    0.00
   -1.99   -0.20
   -1.96   -0.39
   -1.91   -0.58
   -1.85   -0.77
   -1.76   -0.94
   -1.66   -1.11
   -1.55   -1.27
   -1.41   -1.41
   -1.27   -1.55
   -1.11   -1.66
   -0.94   -1.76
   -0.77   -1.85
   -0.58   -1.91
   -0.39   -1.96
   -0.20   -1.99
    0.00   -2.00
    0.20   -1.99
    0.39   -1.96
    0.58   -1.91
    0.77   -1.85
    0.94   -1.76
    1.11   -1.66
    1.27   -1.55
    1.41   -1.41
    1.55   -1.27
    1.66   -1.11
    1.76   -0.94
    1.85   -0.77
    1.91   -0.58
    1.96   -0.39
    1.99   -0.20
    2.00    0.00
    2.49    0.25
    2.45    0.49
    2.39    0.73
    2.31    0.96
    2.20    1.18
    2.08    1.39
    1.93    1.59
    1.77    1.77
    1.59    1.93
    1.39    2.08
    1.18    2.20
    0.96    2.31
    0.73    2.39
    0.49    2.45
    0.25    2.49
    0.00    2.50
   -0.25    2.49
   -0.49    2.45
   -0.73    2.39
   -0.96    2.31
   -1.18    2.20
   -1.39    2.08
   -1.59    1.93
   -1.77    1.77
   -1.93    1.59
   -2.08    1.39
   -2.20    1.18
   -2.31    0.96
   -2.39    0.73
   -2.45    0.49
   -2.49    0.25
   -2.50    0.00
   -2.49   -0.25
   -2.45   -0.49
   -2.39   -0.73
   -2.31   -0.96
   -2.20   -1.18
   -2.08   -1.39
   -1.93   -1.59
   -1.77   -1.77
   -1.59   -1.93
   -1.39   -2.08
   -1.18   -2.20
   -0.96   -2.31
   -0.73   -2.39
   -0.49   -2.45
   -0.25   -2.49
    0.00   -2.50
    0.25   -2.49
    0.49   -2.45
    0.73   -2.39
    0.96   -2.31
    1.18   -2.20
    1.39   -2.08
    1.59   -1.93
    1.77   -1.77
    1.93   -1.59
    2.08   -1.39
    2.20   -1.18
    2.31   -0.96
    2.39   -0.73
    2.45   -0.49
    2.49   -0.25
    2.50    0.00
    2.99    0.29
    2.94    0.59
    2.87    0.87
    2.77    1.15
    2.65    1.41
    2.49    1.67
    2.32    1.90
    2.12    2.12
    1.90    2.32
    1.67    2.49
    1.41    2.65
    1.15    2.77
    0.87    2.87
    0.59    2.94
    0.29    2.99
    0.00    3.00
   -0.29    2.99
   -0.59    2.94
   -0.87    2.87
   -1.15    2.77
   -1.41    2.65
   -1.67    2.49
   -1.90    2.32
   -2.12    2.12
   -2.32    1.90
   -2.49    1.67
   -2.65    1.41
   -2.77    1.15
   -2.87    0.87
   -2.94    0.59
   -2.99    0.29
   -3.00    0.00
   -2.99   -0.29
   -2.94   -0.59
   -2.87   -0.87
   -2.77   -1.15
   -2.65   -1.41
   -2.49   -1.67
   -2.32   -1.90
   -2.12   -2.12
   -1.90   -2.32
   -1.67   -2.49
   -1.41   -2.65
   -1.15   -2.77
   -0.87   -2.87
   -0.59   -2.94
   -0.29   -2.99
    0.00   -3.00
    0.29   -2.99
    0.59   -2.94
    0.87   -2.87
    1.15   -2.77
    1.41   -2.65
    1.67   -2.49
    1.90   -2.32
    2.12   -2.12
    2.32   -1.90
    2.49   -1.67
    2.65   -1.41
    2.77   -1.15
    2.87   -0.87
    2.94   -0.59
    2.99   -0.29
    3.00    0.00
    3.48    0.34
    3.43    0.68
    3.35    1.02
    3.23    1.34
    3.09    1.65
    2.91    1.94
    2.71    2.22
    2.47    2.47
    2.22    2.71
    1.94    2.91
    1.65    3.09
    1.34    3.23
    1.02    3.35
    0.68    3.43
    0.34    3.48
    0.00    3.50
   -0.34    3.48
   -0.68    3.43
   -1.02    3.35
   -1.34    3.23
   -1.65    3.09
   -1.94    2.91
   -2.22    2.71
   -2.47    2.47
   -2.71    2.22
   -2.91    1.94
   -3.09    1.65
   -3.23    1.34
   -3.35    1.02
   -3.43    0.68
   -3.48    0.34
   -3.50    0.00
   -3.48   -0.34
   -3.43   -0.68
   -3.35   -1.02
   -3.23   -1.34
   -3.09   -1.65
   -2.91   -1.94
   -2.71   -2.22
   -2.47   -2.47
   -2.22   -2.71
   -1.94   -2.91
   -1.65   -3.09
   -1.34   -3.23
   -1.02   -3.35
   -0.68   -3.43
   -0.34   -3.48
    0.00   -3.50
    0.34   -3.48
    0.68   -3.43
    1.02   -3.35
    1.34   -3.23
    1.65   -3.09
    1.94   -2.91
    2.22   -2.71
    2.47   -2.47
    2.71   -2.22
    2.91   -1.94
    3.09   -1.65
    3.23   -1.34
    3.35   -1.02
    3.43   -0.68
    3.48   -0.34
    3.50    0.00
    3.98    0.39
    3.92    0.78
    3.83    1.16
    3.70    1.53
    3.53    1.89
    3.33    2.22
    3.09    2.54
    2.83    2.83
    2.54    3.09
    2.22    3.33
    1.89    3.53
    1.53    3.70
    1.16    3.83
    0.78    3.92
    0.39    3.98
    0.00    4.00
   -0.39    3.98
   -0.78    3.92
   -1.16    3.83
   -1.53    3.70
   -1.89    3.53
   -2.22    3.33
   -2.54    3.09
   -2.83    2.83
   -3.09    2.54
   -3.33    2.22
   -3.53    1.89
   -3.70    1.53
   -3.83    1.16
   -3.92    0.78
   -3.98    0.39
   -4.00    0.00
   -3.98   -0.39
   -3.92   -0.78
   -3.83   -1.16
   -3.70   -1.53
   -3.53   -1.89
   -3.33   -2.22
   -3.09   -2.54
   -2.83   -2.83
   -2.54   -3.09
   -2.22   -3.33
   -1.89   -3.53
   -1.53   -3.70
   -1.16   -3.83
   -0.78   -3.92
   -0.39   -3.98
    0.00   -4.00
    0.39   -3.98
    0.78   -3.92
    1.16   -3.83
    1.53   -3.70
    1.89   -3.53
    2.22   -3.33
    2.54   -3.09
    2.83   -2.83
    3.09   -2.54
    3.33   -2.22
    3.53   -1.89
    3.70   -1.53
    3.83   -1.16
    3.92   -0.78
    3.98   -0.39
    4.00    0.00
    4.48    0.44
    4.41    0.88
    4.31    1.31
    4.16    1.72
    3.97    2.12
    3.74    2.50
    3.48    2.85
    3.18    3.18
    2.85    3.48
    2.50    3.74
    2.12    3.97
    1.72    4.16
    1.31    4.31
    0.88    4.41
    0.44    4.48
    0.00    4.50
   -0.44    4.48
   -0.88    4.41
   -1.31    4.31
   -1.72    4.16
   -2.12    3.97
   -2.50    3.74
   -2.85    3.48
   -3.18    3.18
   -3.48    2.85
   -3.74    2.50
   -3.97    2.12
   -4.16    1.72
   -4.31    1.31
   -4.41    0.88
   -4.48    0.44
   -4.50    0.00
   -4.48   -0.44
   -4.41   -0.88
   -4.31   -1.31
   -4.16   -1.72
   -3.97   -2.12
   -3.74   -2.50
   -3.48   -2.85
   -3.18   -3.18
   -2.85   -3.48
   -2.50   -3.74
   -2.12   -3.97
   -1.72   -4.16
   -1.31   -4.31
   -0.88   -4.41
   -0.44   -4.48
    0.00   -4.50
    0.44   -4.48
    0.88   -4.41
    1.31   -4.31
    1.72   -4.16
    2.12   -3.97
    2.50   -3.74
    2.85   -3.48
    3.18   -3.18
    3.48   -2.85
    3.74   -2.50
    3.97   -2.12
    4.16   -1.72
    4.31   -1.31
    4.41   -0.88
    4.48   -0.44
    4.50    0.00
    4.98    0.49
    4.90    0.98
    4.78    1.45
    4.62    1.91
    4.41    2.36
    4.16    2.78
    3.87    3.17
    3.54    3.54
    3.17    3.87
    2.78    4.16
    2.36    4.41
    1.91    4.62
    1.45    4.78
    0.98    4.90
    0.49    4.98
    0.00    5.00
   -0.49    4.98
   -0.98    4.90
   -1.45    4.78
   -1.91    4.62
   -2.36    4.41
   -2.78    4.16
   -3.17    3.87
   -3.54    3.54
   -3.87    3.17
   -4.16    2.78
   -4.41    2.36
   -4.62    1.91
   -4.78    1.45
   -4.90    0.98
   -4.98    0.49
   -5.00    0.00
   -4.98   -0.49
   -4.90   -0.98
   -4.78   -1.45
   -4.62   -1.91
   -4.41   -2.36
   -4.16   -2.78
   -3.87   -3.17
   -3.54   -3.54
   -3.17   -3.87
   -2.78   -4.16
   -2.36   -4.41
   -1.91   -4.62
   -1.45   -4.78
   -0.98   -4.90
   -0.49   -4.98
    0.00   -5.00
    0.49   -4.98
    0.98   -4.90
    1.45   -4.78
    1.91   -4.62
    2.36   -4.41
    2.78   -4.16
    3.17   -3.87
    3.54   -3.54
    3.87   -3.17
    4.16   -2.78
    4.41   -2.36
    4.62   -1.91
    4.78   -1.45
    4.90   -0.98
    4.98   -0.49
    5.00    0.00
    5.47    0.54
    5.39    1.07
    5.26    1.60
    5.08    2.10
    4.85    2.59
    4.57    3.06
    4.25    3.49
    3.89    3.89
    3.49    4.25
    3.06    4.57
    2.59    4.85
    2.10    5.08
    1.60    5.26
    1.07    5.39
    0.54    5.47
    0.00    5.50
   -0.54    5.47
   -1.07    5.39
   -1.60    5.26
   -2.10    5.08
   -2.59    4.85
   -3.06    4.57
   -3.49    4.25
   -3.89    3.89
   -4.25    3.49
   -4.57    3.06
   -4.85    2.59
   -5.08    2.10
   -5.26    1.60
   -5.39    1.07
   -5.47    0.54
   -5.50    0.00
   -5.47   -0.54
   -5.39   -1.07
   -5.26   -1.60
   -5.08   -2.10
   -4.85   -2.59
   -4.57   -3.06
   -4.25   -3.49
   -3.89   -3.89
   -3.49   -4.25
   -3.06   -4.57
   -2.59   -4.85
   -2.10   -5.08
   -1.60   -5.26
   -1.07   -5.39
   -0.54   -5.47
    0.00   -5.50
    0.54   -5.47
    1.07   -5.39
    1.60   -5.26
    2.10   -5.08
    2.59   -4.85
    3.06   -4.57
    3.49   -4.25
    3.89   -3.89
    4.25   -3.49
    4.57   -3.06
    4.85   -2.59
    5.08   -2.10
    5.26   -1.60
    5.39   -1.07
    5.47   -0.54
    5.50    0.00
    5.97    0.59
    5.88    1.17
    5.74    1.74
    5.54    2.30
    5.29    2.83
    4.99    3.33
    4.64    3.81
    4.24    4.24
    3.81    4.64
    3.33    4.99
    2.83    5.29
    2.30    5.54
    1.74    5.74
    1.17    5.88
    0.59    5.97
    0.00    6.00
   -0.59    5.97
   -1.17    5.88
   -1.74    5.74
   -2.30    5.54
   -2.83    5.29
   -3.33    4.99
   -3.81    4.64
   -4.24    4.24
   -4.64    3.81
   -4.99    3.33
   -5.29    2.83
   -5.54    2.30
   -5.74    1.74
   -5.88    1.17
   -5.97    0.59
   -6.00    0.00
   -5.97   -0.59
   -5.88   -1.17
   -5.74   -1.74
   -5.54   -2.30
   -5.29   -2.83
   -4.99   -3.33
   -4.64   -3.81
   -4.24   -4.24
   -3.81   -4.64
   -3.33   -4.99
   -2.83   -5.29
   -2.30   -5.54
   -1.74   -5.74
   -1.17   -5.88
   -0.59   -5.97
    0.00   -6.00
    0.59   -5.97
    1.17   -5.88
    1.74   -5.74
    2.30   -5.54
    2.83   -5.29
    3.33   -4.99
    3.81   -4.64
    4.24   -4.24
    4.64   -3.81
    4.99   -3.33
    5.29   -2.83
    5.54   -2.30
    5.74   -1.74
    5.88   -1.17
    5.97   -0.59
    6.00    0.00
    6.47    0.64
    6.38    1.27
    6.22    1.89
    6.01    2.49
    5.73    3.06
    5.40    3.61
    5.02    4.12
    4.60    4.60
    4.12    5.02
    3.61    5.40
    3.06    5.73
    2.49    6.01
    1.89    6.22
    1.27    6.38
    0.64    6.47
    0.00    6.50
   -0.64    6.47
   -1.27    6.38
   -1.89    6.22
   -2.49    6.01
   -3.06    5.73
   -3.61    5.40
   -4.12    5.02
   -4.60    4.60
   -5.02    4.12
   -5.40    3.61
   -5.73    3.06
   -6.01    2.49
   -6.22    1.89
   -6.38    1.27
   -6.47    0.64
   -6.50    0.00
   -6.47   -0.64
   -6.38   -1.27
   -6.22   -1.89
   -6.01   -2.49
   -5.73   -3.06
   -5.40   -3.61
   -5.02   -4.12
   -4.60   -4.60
   -4.12   -5.02
   -3.61   -5.40
   -3.06   -5.73
   -2.49   -6.01
   -1.89   -6.22
   -1.27   -6.38
   -0.64   -6.47
    0.00   -6.50
    0.64   -6.47
    1.27   -6.38
    1.89   -6.22
    2.49   -6.01
    3.06   -5.73
    3.61   -5.40
    4.12   -5.02
    4.60   -4.60
    5.02   -4.12
    5.40   -3.61
    5.73   -3.06
    6.01   -2.49
    6.22   -1.89
    6.38   -1.27
    6.47   -0.64
    6.50    0.00
    6.97    0.69
    6.87    1.37
    6.70    2.03
    6.47    2.68
    6.17    3.30
    5.82    3.89
    5.41    4.44
    4.95    4.95
    4.44    5.41
    3.89    5.82
    3.30    6.17
    2.68    6.47
    2.03    6.70
    1.37    6.87
    0.69    6.97
    0.00    7.00
   -0.69    6.97
   -1.37    6.87
   -2.03    6.70
   -2.68    6.47
   -3.30    6.17
   -3.89    5.82
   -4.44    5.41
   -4.95    4.95
   -5.41    4.44
   -5.82    3.89
   -6.17    3.30
   -6.47    2.68
   -6.70    2.03
   -6.87    1.37
   -6.97    0.69
   -7.00    0.00
   -6.97   -0.69
   -6.87   -1.37
   -6.70   -2.03
   -6.47   -2.68
   -6.17   -3.30
   -5.82   -3.89
   -5.41   -4.44
   -4.95   -4.95
   -4.44   -5.41
   -3.89   -5.82
   -3.30   -6.17
   -2.68   -6.47
   -2.03   -6.70
   -1.37   -6.87
   -0.69   -6.97
    0.00   -7.00
    0.69   -6.97
    1.37   -6.87
    2.03   -6.70
    2.68   -6.47
    3.30   -6.17
    3.89   -5.82
    4.44   -5.41
    4.95   -4.95
    5.41   -4.44
    5.82   -3.89
    6.17   -3.30
    6.47   -2.68
    6.70   -2.03
    6.87   -1.37
    6.97   -0.69
    7.00    0.00
    7.46    0.74
    7.36    1.46
    7.18    2.18
    6.93    2.87
    6.61    3.54
    6.24    4.17
    5.80    4.76
    5.30    5.30
    4.76    5.80
    4.17    6.24
    3.54    6.61
    2.87    6.93
    2.18    7.18
    1.46    7.36
    0.74    7.46
    0.00    7.50
   -0.74    7.46
   -1.46    7.36
   -2.18    7.18
   -2.87    6.93
   -3.54    6.61
   -4.17    6.24
   -4.76    5.80
   -5.30    5.30
   -5.80    4.76
   -6.24    4.17
   -6.61    3.54
   -6.93    2.87
   -7.18    2.18
   -7.36    1.46
   -7.46    0.74
   -7.50    0.00
   -7.46   -0.74
   -7.36   -1.46
   -7.18   -2.18
   -6.93   -2.87
   -6.61   -3.54
   -6.24   -4.17
   -5.80   -4.76
   -5.30   -5.30
   -4.76   -5.80
   -4.17   -6.24
   -3.54   -6.61
   -2.87   -6.93
   -2.18   -7.18
   -1.46   -7.36
   -0.74   -7.46
    0.00   -7.50
    0.74   -7.46
    1.46   -7.36
    2.18   -7.18
    2.87   -6.93
    3.54   -6.61
    4.17   -6.24
    4.76   -5.80
    5.30   -5.30
    5.80   -4.76
    6.24   -4.17
    6.61   -3.54
    6.93   -2.87
    7.18   -2.18
    7.36   -1.46
    7.46   -0.74
    7.50    0.00
    7.96    0.78
    7.85    1.56
    7.66    2.32
    7.39    3.06
    7.06    3.77
    6.65    4.44
    6.18    5.08
    5.66    5.66
    5.08    6.18
    4.44    6.65
    3.77    7.06
    3.06    7.39
    2.32    7.66
    1.56    7.85
    0.78    7.96
    0.00    8.00
   -0.78    7.96
   -1.56    7.85
   -2.32    7.66
   -3.06    7.39
   -3.77    7.06
   -4.44    6.65
   -5.08    6.18
   -5.66    5.66
   -6.18    5.08
   -6.65    4.44
   -7.06    3.77
   -7.39    3.06
   -7.66    2.32
   -7.85    1.56
   -7.96    0.78
   -8.00    0.00
   -7.96   -0.78
   -7.85   -1.56
   -7.66   -2.32
   -7.39   -3.06
   -7.06   -3.77
   -6.65   -4.44
   -6.18   -5.08
   -5.66   -5.66
   -5.08   -6.18
   -4.44   -6.65
   -3.77   -7.06
   -3.06   -7.39
   -2.32   -7.66
   -1.56   -7.85
   -0.78   -7.96
    0.00   -8.00
    0.78   -7.96
    1.56   -7.85
    2.32   -7.66
    3.06   -7.39
    3.77   -7.06
    4.44   -6.65
    5.08   -6.18
    5.66   -5.66
    6.18   -5.08
    6.65   -4.44
    7.06   -3.77
    7.39   -3.06
    7.66   -2.32
    7.85   -1.56
    7.96   -0.78
    8.00    0.00
    8.46    0.83
    8.34    1.66
    8.13    2.47
    7.85    3.25
    7.50    4.01
    7.07    4.72
    6.57    5.39
    6.01    6.01
    5.39    6.57
    4.72    7.07
    4.01    7.50
    3.25    7.85
    2.47    8.13
    1.66    8.34
    0.83    8.46
    0.00    8.50
   -0.83    8.46
   -1.66    8.34
   -2.47    8.13
   -3.25    7.85
   -4.01    7.50
   -4.72    7.07
   -5.39    6.57
   -6.01    6.01
   -6.57    5.39
   -7.07    4.72
   -7.50    4.01
   -7.85    3.25
   -8.13    2.47
   -8.34    1.66
   -8.46    0.83
   -8.50    0.00
   -8.46   -0.83
   -8.34   -1.66
   -8.13   -2.47
   -7.85   -3.25
   -7.50   -4.01
   -7.07   -4.72
   -6.57   -5.39
   -6.01   -6.01
   -5.39   -6.57
   -4.72   -7.07
   -4.01   -7.50
   -3.25   -7.85
   -2.47   -8.13
   -1.66   -8.34
   -0.83   -8.46
    0.00   -8.50
    0.83   -8.46
    1.66   -8.34
    2.47   -8.13
    3.25   -7.85
    4.01   -7.50
    4.72   -7.07
    5.39   -6.57
    6.01   -6.01
    6.57   -5.39
    7.07   -4.72
    7.50   -4.01
    7.85   -3.25
    8.13   -2.47
    8.34   -1.66
    8.46   -0.83
    8.50    0.00
    8.96    0.88
    8.83    1.76
    8.61    2.61
    8.31    3.44
    7.94    4.24
    7.48    5.00
    6.96    5.71
    6.36    6.36
    5.71    6.96
    5.00    7.48
    4.24    7.94
    3.44    8.31
    2.61    8.61
    1.76    8.83
    0.88    8.96
    0.00    9.00
   -0.88    8.96
   -1.76    8.83
   -2.61    8.61
   -3.44    8.31
   -4.24    7.94
   -5.00    7.48
   -5.71    6.96
   -6.36    6.36
   -6.96    5.71
   -7.48    5.00
   -7.94    4.24
   -8.31    3.44
   -8.61    2.61
   -8.83    1.76
   -8.96    0.88
   -9.00    0.00
   -8.96   -0.88
   -8.83   -1.76
   -8.61   -2.61
   -8.31   -3.44
   -7.94   -4.24
   -7.48   -5.00
   -6.96   -5.71
   -6.36   -6.36
   -5.71   -6.96
   -5.00   -7.48
   -4.24   -7.94
   -3.44   -8.31
   -2.61   -8.61
   -1.76   -8.83
   -0.88   -8.96
    0.00   -9.00
    0.88   -8.96
    1.76   -8.83
    2.61   -8.61
    3.44   -8.31
    4.24   -7.94
    5.00   -7.48
    5.71   -6.96
    6.36   -6.36
    6.96   -5.71
    7.48   -5.00
    7.94   -4.24
    8.31   -3.44
    8.61   -2.61
    8.83   -1.76
    8.96   -0.88
    9.00    0.00
    9.45    0.93
    9.32    1.85
    9.09    2.76
    8.78    3.64
    8.38    4.48
    7.90    5.28
    7.34    6.03
    6.72    6.72
    6.03    7.34
    5.28    7.90
    4.48    8.38
    3.64    8.78
    2.76    9.09
    1.85    9.32
    0.93    9.45
    0.00    9.50
   -0.93    9.45
   -1.85    9.32
   -2.76    9.09
   -3.64    8.78
   -4.48    8.38
   -5.28    7.90
   -6.03    7.34
   -6.72    6.72
   -7.34    6.03
   -7.90    5.28
   -8.38    4.48
   -8.78    3.64
   -9.09    2.76
   -9.32    1.85
   -9.45    0.93
   -9.50    0.00
   -9.45   -0.93
   -9.32   -1.85
   -9.09   -2.76
   -8.78   -3.64
   -8.38   -4.48
   -7.90   -5.28
   -7.34   -6.03
   -6.72   -6.72
   -6.03   -7.34
   -5.28   -7.90
   -4.48   -8.38
   -3.64   -8.78
   -2.76   -9.09
   -1.85   -9.32
   -0.93   -9.45
    0.00   -9.50
    0.93   -9.45
    1.85   -9.32
    2.76   -9.09
    3.64   -8.78
    4.48   -8.38
    5.28   -7.90
    6.03   -7.34
    6.72   -6.72
    7.34   -6.03
    7.90   -5.28
    8.38   -4.48
    8.78   -3.64
    9.09   -2.76
    9.32   -1.85
    9.45   -0.93
    9.50    0.00
    9.95    0.98
    9.81    1.95
    9.57    2.90
    9.24    3.83
    8.82    4.71
    8.31    5.56
    7.73    6.34
    7.07    7.07
    6.34    7.73
    5.56    8.31
    4.71    8.82
    3.83    9.24
    2.90    9.57
    1.95    9.81
    0.98    9.95
    0.00   10.00
   -0.98    9.95
   -1.95    9.81
   -2.90    9.57
   -3.83    9.24
   -4.71    8.82
   -5.56    8.31
   -6.34    7.73
   -7.07    7.07
   -7.73    6.34
   -8.31    5.56
   -8.82    4.71
   -9.24    3.83
   -9.57    2.90
   -9.81    1.95
   -9.95    0.98
  -10.00    0.00
   -9.95   -0.98
   -9.81   -1.95
   -9.57   -2.90
   -9.24   -3.83
   -8.82   -4.71
   -8.31   -5.56
   -7.73   -6.34
   -7.07   -7.07
   -6.34   -7.73
   -5.56   -8.31
   -4.71   -8.82
   -3.83   -9.24
   -2.90   -9.57
   -1.95   -9.81
   -0.98   -9.95
    0.00  -10.00
    0.98   -9.95
    1.95   -9.81
    2.90   -9.57
    3.83   -9.24
    4.71   -8.82
    5.56   -8.31
    6.34   -7.73
    7.07   -7.07
    7.73   -6.34
    8.31   -5.56
    8.82   -4.71
    9.24   -3.83
    9.57   -2.90
    9.81   -1.95
    9.95   -0.98
   10.00    0.00
   10.45    1.03
   10.30    2.05
   10.05    3.05
    9.70    4.02
    9.26    4.95
    8.73    5.83
    8.12    6.66
    7.42    7.42
    6.66    8.12
    5.83    8.73
    4.95    9.26
    4.02    9.70
    3.05   10.05
    2.05   10.30
    1.03   10.45
    0.00   10.50
   -1.03   10.45
   -2.05   10.30
   -3.05   10.05
   -4.02    9.70
   -4.95    9.26
   -5.83    8.73
   -6.66    8.12
   -7.42    7.42
   -8.12    6.66
   -8.73    5.83
   -9.26    4.95
   -9.70    4.02
  -10.05    3.05
  -10.30    2.05
  -10.45    1.03
  -10.50    0.00
  -10.45   -1.03
  -10.30   -2.05
  -10.05   -3.05
   -9.70   -4.02
   -9.26   -4.95
   -8.73   -5.83
   -8.12   -6.66
   -7.42   -7.42
   -6.66   -8.12
   -5.83   -8.73
   -4.95   -9.26
   -4.02   -9.70
   -3.05  -10.05
   -2.05  -10.30
   -1.03  -10.45
    0.00  -10.50
    1.03  -10.45
    2.05  -10.30
    3.05  -10.05
    4.02   -9.70
    4.95   -9.26
    5.83   -8.73
    6.66   -8.12
    7.42   -7.42
    8.12   -6.66
    8.73   -5.83
    9.26   -4.95
    9.70   -4.02
   10.05   -3.05
   10.30   -2.05
   10.45   -1.03
   10.50    0.00
   10.95    1.08
   10.79    2.15
   10.53    3.19
   10.16    4.21
    9.70    5.19
    9.15    6.11
    8.50    6.98
    7.78    7.78
    6.98    8.50
    6.11    9.15
    5.19    9.70
    4.21   10.16
    3.19   10.53
    2.15   10.79
    1.08   10.95
    0.00   11.00
   -1.08   10.95
   -2.15   10.79
   -3.19   10.53
   -4.21   10.16
   -5.19    9.70
   -6.11    9.15
   -6.98    8.50
   -7.78    7.78
   -8.50    6.98
   -9.15    6.11
   -9.70    5.19
  -10.16    4.21
  -10.53    3.19
  -10.79    2.15
  -10.95    1.08
  -11.00    0.00
  -10.95   -1.08
  -10.79   -2.15
  -10.53   -3.19
  -10.16   -4.21
   -9.70   -5.19
   -9.15   -6.11
   -8.50   -6.98
   -7.78   -7.78
   -6.98   -8.50
   -6.11   -9.15
   -5.19   -9.70
   -4.21  -10.16
   -3.19  -10.53
   -2.15  -10.79
   -1.08  -10.95
    0.00  -11.00
    1.08  -10.95
    2.15  -10.79
    3.19  -10.53
    4.21  -10.16
    5.19   -9.70
    6.11   -9.15
    6.98   -8.50
    7.78   -7.78
    8.50   -6.98
    9.15   -6.11
    9.70   -5.19
   10.16   -4.21
   10.53   -3.19
   10.79   -2.15
   10.95   -1.08
   11.00    0.00
   11.44    1.13
   11.28    2.24
   11.00    3.34
   10.62    4.40
   10.14    5.42
    9.56    6.39
    8.89    7.30
    8.13    8.13
    7.30    8.89
    6.39    9.56
    5.42   10.14
    4.40   10.62
    3.34   11.00
    2.24   11.28
    1.13   11.44
    0.00   11.50
   -1.13   11.44
   -2.24   11.28
   -3.34   11.00
   -4.40   10.62
   -5.42   10.14
   -6.39    9.56
   -7.30    8.89
   -8.13    8.13
   -8.89    7.30
   -9.56    6.39
  -10.14    5.42
  -10.62    4.40
  -11.00    3.34
  -11.28    2.24
  -11.44    1.13
  -11.50    0.00
  -11.44   -1.13
  -11.28   -2.24
  -11.00   -3.34
  -10.62   -4.40
  -10.14   -5.42
   -9.56   -6.39
   -8.89   -7.30
   -8.13   -8.13
   -7.30   -8.89
   -6.39   -9.56
   -5.42  -10.14
   -4.40  -10.62
   -3.34  -11.00
   -2.24  -11.28
   -1.13  -11.44
    0.00  -11.50
    1.13  -11.44
    2.24  -11.28
    3.34  -11.00
    4.40  -10.62
    5.42  -10.14
    6.39   -9.56
    7.30   -8.89
    8.13   -8.13
    8.89   -7.30
    9.56   -6.39
   10.14   -5.42
   10.62   -4.40
   11.00   -3.34
   11.28   -2.24
   11.44   -1.13
   11.50    0.00
   11.94    1.18
   11.77    2.34
   11.48    3.48
   11.09    4.59
   10.58    5.66
    9.98    6.67
    9.28    7.61
    8.49    8.49
    7.61    9.28
    6.67    9.98
    5.66   10.58
    4.59   11.09
    3.48   11.48
    2.34   11.77
    1.18   11.94
    0.00   12.00
   -1.18   11.94
   -2.34   11.77
   -3.48   11.48
   -4.59   11.09
   -5.66   10.58
   -6.67    9.98
   -7.61    9.28
   -8.49    8.49
   -9.28    7.61
   -9.98    6.67
  -10.58    5.66
  -11.09    4.59
  -11.48    3.48
  -11.77    2.34
  -11.94    1.18
  -12.00    0.00
  -11.94   -1.18
  -11.77   -2.34
  -11.48   -3.48
  -11.09   -4.59
  -10.58   -5.66
   -9.98   -6.67
   -9.28   -7.61
   -8.49   -8.49
   -7.61   -9.28
   -6.67   -9.98
   -5.66  -10.58
   -4.59  -11.09
   -3.48  -11.48
   -2.34  -11.77
   -1.18  -11.94
    0.00  -12.00
    1.18  -11.94
    2.34  -11.77
    3.48  -11.48
    4.59  -11.09
    5.66  -10.58
    6.67   -9.98
    7.61   -9.28
    8.49   -8.49
    9.28   -7.61
    9.98   -6.67
   10.58   -5.66
   11.09   -4.59
   11.48   -3.48
   11.77   -2.34
   11.94   -1.18
   12.00    0.00
   12.44    1.23
   12.26    2.44
   11.96    3.63
   11.55    4.78
   11.02    5.89
   10.39    6.94
    9.66    7.93
    8.84    8.84
    7.93    9.66
    6.94   10.39
    5.89   11.02
    4.78   11.55
    3.63   11.96
    2.44   12.26
    1.23   12.44
    0.00   12.50
   -1.23   12.44
   -2.44   12.26
   -3.63   11.96
   -4.78   11.55
   -5.89   11.02
   -6.94   10.39
   -7.93    9.66
   -8.84    8.84
   -9.66    7.93
  -10.39    6.94
  -11.02    5.89
  -11.55    4.78
  -11.96    3.63
  -12.26    2.44
  -12.44    1.23
  -12.50    0.00
  -12.44   -1.23
  -12.26   -2.44
  -11.96   -3.63
  -11.55   -4.78
  -11.02   -5.89
  -10.39   -6.94
   -9.66   -7.93
   -8.84   -8.84
   -7.93   -9.66
   -6.94  -10.39
   -5.89  -11.02
   -4.78  -11.55
   -3.63  -11.96
   -2.44  -12.26
   -1.23  -12.44
    0.00  -12.50
    1.23  -12.44
    2.44  -12.26
    3.63  -11.96
    4.78  -11.55
    5.89  -11.02
    6.94  -10.39
    7.93   -9.66
    8.84   -8.84
    9.66   -7.93
   10.39   -6.94
   11.02   -5.89
   11.55   -4.78
   11.96   -3.63
   12.26   -2.44
   12.44   -1.23
   12.50    0.00
   12.94    1.27
   12.75    2.54
   12.44    3.77
   12.01    4.97
   11.46    6.13
   10.81    7.22
   10.05    8.25
    9.19    9.19
    8.25   10.05
    7.22   10.81
    6.13   11.46
    4.97   12.01
    3.77   12.44
    2.54   12.75
    1.27   12.94
    0.00   13.00
   -1.27   12.94
   -2.54   12.75
   -3.77   12.44
   -4.97   12.01
   -6.13   11.46
   -7.22   10.81
   -8.25   10.05
   -9.19    9.19
  -10.05    8.25
  -10.81    7.22
  -11.46    6.13
  -12.01    4.97
  -12.44    3.77
  -12.75    2.54
  -12.94    1.27
  -13.00    0.00
  -12.94   -1.27
  -12.75   -2.54
  -12.44   -3.77
  -12.01   -4.97
  -11.46   -6.13
  -10.81   -7.22
  -10.05   -8.25
   -9.19   -9.19
   -8.25  -10.05
   -7.22  -10.81
   -6.13  -11.46
   -4.97  -12.01
   -3.77  -12.44
   -2.54  -12.75
   -1.27  -12.94
    0.00  -13.00
    1.27  -12.94
    2.54  -12.75
    3.77  -12.44
    4.97  -12.01
    6.13  -11.47
    7.22  -10.81
    8.25  -10.05
    9.19   -9.19
   10.05   -8.25
   10.81   -7.22
   11.46   -6.13
   12.01   -4.97
   12.44   -3.77
   12.75   -2.54
   12.94   -1.27
   13.00    0.00
   13.43    1.32
   13.24    2.63
   12.92    3.92
   12.47    5.17
   11.91    6.36
   11.22    7.50
   10.44    8.56
    9.55    9.55
    8.56   10.44
    7.50   11.22
    6.36   11.91
    5.17   12.47
    3.92   12.92
    2.63   13.24
    1.32   13.43
    0.00   13.50
   -1.32   13.43
   -2.63   13.24
   -3.92   12.92
   -5.17   12.47
   -6.36   11.91
   -7.50   11.22
   -8.56   10.44
   -9.55    9.55
  -10.44    8.56
  -11.22    7.50
  -11.91    6.36
  -12.47    5.17
  -12.92    3.92
  -13.24    2.63
  -13.43    1.32
  -13.50    0.00
  -13.43   -1.32
  -13.24   -2.63
  -12.92   -3.92
  -12.47   -5.17
  -11.91   -6.36
  -11.22   -7.50
  -10.44   -8.56
   -9.55   -9.55
   -8.56  -10.44
   -7.50  -11.22
   -6.36  -11.91
   -5.17  -12.47
   -3.92  -12.92
   -2.63  -13.24
   -1.32  -13.43
    0.00  -13.50
    1.32  -13.43
    2.63  -13.24
    3.92  -12.92
    5.17  -12.47
    6.36  -11.91
    7.50  -11.22
    8.56  -10.44
    9.55   -9.55
   10.44   -8.56
   11.22   -7.50
   11.91   -6.36
   12.47   -5.17
   12.92   -3.92
   13.24   -2.63
   13.43   -1.32
   13.50    0.00
   13.93    1.37
   13.73    2.73
   13.40    4.06
   12.93    5.36
   12.35    6.60
   11.64    7.78
   10.82    8.88
    9.90    9.90
    8.88   10.82
    7.78   11.64
    6.60   12.35
    5.36   12.93
    4.06   13.40
    2.73   13.73
    1.37   13.93
    0.00   14.00
   -1.37   13.93
   -2.73   13.73
   -4.06   13.40
   -5.36   12.93
   -6.60   12.35
   -7.78   11.64
   -8.88   10.82
   -9.90    9.90
  -10.82    8.88
  -11.64    7.78
  -12.35    6.60
  -12.93    5.36
  -13.40    4.06
  -13.73    2.73
  -13.93    1.37
  -14.00    0.00
  -13.93   -1.37
  -13.73   -2.73
  -13.40   -4.06
  -12.93   -5.36
  -12.35   -6.60
  -11.64   -7.78
  -10.82   -8.88
   -9.90   -9.90
   -8.88  -10.82
   -7.78  -11.64
   -6.60  -12.35
   -5.36  -12.93
   -4.06  -13.40
   -2.73  -13.73
   -1.37  -13.93
    0.00  -14.00
    1.37  -13.93
    2.73  -13.73
    4.06  -13.40
    5.36  -12.93
    6.60  -12.35
    7.78  -11.64
    8.88  -10.82
    9.90   -9.90
   10.82   -8.88
   11.64   -7.78
   12.35   -6.60
   12.93   -5.36
   13.40   -4.06
   13.73   -2.73
   13.93   -1.37
   14.00    0.00
   14.43    1.42
   14.22    2.83
   13.88    4.21
   13.40    5.55
   12.79    6.84
   12.06    8.06
   11.21    9.20
   10.25   10.25
    9.20   11.21
    8.06   12.06
    6.84   12.79
    5.55   13.40
    4.21   13.88
    2.83   14.22
    1.42   14.43
    0.00   14.50
   -1.42   14.43
   -2.83   14.22
   -4.21   13.88
   -5.55   13.40
   -6.84   12.79
   -8.06   12.06
   -9.20   11.21
  -10.25   10.25
  -11.21    9.20
  -12.06    8.06
  -12.79    6.84
  -13.40    5.55
  -13.88    4.21
  -14.22    2.83
  -14.43    1.42
  -14.50    0.00
  -14.43   -1.42
  -14.22   -2.83
  -13.88   -4.21
  -13.40   -5.55
  -12.79   -6.84
  -12.06   -8.06
  -11.21   -9.20
  -10.25  -10.25
   -9.20  -11.21
   -8.06  -12.06
   -6.84  -12.79
   -5.55  -13.40
   -4.21  -13.88
   -2.83  -14.22
   -1.42  -14.43
    0.00  -14.50
    1.42  -14.43
    2.83  -14.22
    4.21  -13.88
    5.55  -13.40
    6.84  -12.79
    8.06  -12.06
    9.20  -11.21
   10.25  -10.25
   11.21   -9.20
   12.06   -8.06
   12.79   -6.84
   13.40   -5.55
   13.88   -4.21
   14.22   -2.83
   14.43   -1.42
   14.50    0.00
   14.93    1.47
   14.71    2.93
   14.35    4.35
   13.86    5.74
   13.23    7.07
   12.47    8.33
   11.60    9.52
   10.61   10.61
    9.52   11.60
    8.33   12.47
    7.07   13.23
    5.74   13.86
    4.35   14.35
    2.93   14.71
    1.47   14.93
    0.00   15.00
   -1.47   14.93
   -2.93   14.71
   -4.35   14.35
   -5.74   13.86
   -7.07   13.23
   -8.33   12.47
   -9.52   11.60
  -10.61   10.61
  -11.60    9.52
  -12.47    8.33
  -13.23    7.07
  -13.86    5.74
  -14.35    4.35
  -14.71    2.93
  -14.93    1.47
  -15.00    0.00
  -14.93   -1.47
  -14.71   -2.93
  -14.35   -4.35
  -13.86   -5.74
  -13.23   -7.07
  -12.47   -8.33
  -11.60   -9.52
  -10.61  -10.61
   -9.52  -11.60
   -8.33  -12.47
   -7.07  -13.23
   -5.74  -13.86
   -4.35  -14.35
   -2.93  -14.71
   -1.47  -14.93
    0.00  -15.00
    1.47  -14.93
    2.93  -14.71
    4.35  -14.35
    5.74  -13.86
    7.07  -13.23
    8.33  -12.47
    9.52  -11.60
   10.61  -10.61
   11.60   -9.52
   12.47   -8.33
   13.23   -7.07
   13.86   -5.74
   14.35   -4.35
   14.71   -2.93
   14.93   -1.47
   15.00    0.00
   15.43    1.52
   15.20    3.02
   14.83    4.50
   14.32    5.93
   13.67    7.31
   12.89    8.61
   11.98    9.83
   10.96   10.96
    9.83   11.98
    8.61   12.89
    7.31   13.67
    5.93   14.32
    4.50   14.83
    3.02   15.20
    1.52   15.43
    0.00   15.50
   -1.52   15.43
   -3.02   15.20
   -4.50   14.83
   -5.93   14.32
   -7.31   13.67
   -8.61   12.89
   -9.83   11.98
  -10.96   10.96
  -11.98    9.83
  -12.89    8.61
  -13.67    7.31
  -14.32    5.93
  -14.83    4.50
  -15.20    3.02
  -15.43    1.52
  -15.50    0.00
  -15.43   -1.52
  -15.20   -3.02
  -14.83   -4.50
  -14.32   -5.93
  -13.67   -7.31
  -12.89   -8.61
  -11.98   -9.83
  -10.96  -10.96
   -9.83  -11.98
   -8.61  -12.89
   -7.31  -13.67
   -5.93  -14.32
   -4.50  -14.83
   -3.02  -15.20
   -1.52  -15.43
    0.00  -15.50
    1.52  -15.43
    3.02  -15.20
    4.50  -14.83
    5.93  -14.32
    7.31  -13.67
    8.61  -12.89
    9.83  -11.98
   10.96  -10.96
   11.98   -9.83
   12.89   -8.61
   13.67   -7.31
   14.32   -5.93
   14.83   -4.50
   15.20   -3.02
   15.43   -1.52
   15.50    0.00
   15.92    1.57
   15.69    3.12
   15.31    4.64
   14.78    6.12
   14.11    7.54
   13.30    8.89
   12.37   10.15
   11.31   11.31
   10.15   12.37
    8.89   13.30
    7.54   14.11
    6.12   14.78
    4.64   15.31
    3.12   15.69
    1.57   15.92
    0.00   16.00
   -1.57   15.92
   -3.12   15.69
   -4.64   15.31
   -6.12   14.78
   -7.54   14.11
   -8.89   13.30
  -10.15   12.37
  -11.31   11.31
  -12.37   10.15
  -13.30    8.89
  -14.11    7.54
  -14.78    6.12
  -15.31    4.64
  -15.69    3.12
  -15.92    1.57
  -16.00    0.00
  -15.92   -1.57
  -15.69   -3.12
  -15.31   -4.64
  -14.78   -6.12
  -14.11   -7.54
  -13.30   -8.89
  -12.37  -10.15
  -11.31  -11.31
  -10.15  -12.37
   -8.89  -13.30
   -7.54  -14.11
   -6.12  -14.78
   -4.64  -15.31
   -3.12  -15.69
   -1.57  -15.92
    0.00  -16.00
    1.57  -15.92
    3.12  -15.69
    4.64  -15.31
    6.12  -14.78
    7.54  -14.11
    8.89  -13.30
   10.15  -12.37
   11.31  -11.31
   12.37  -10.15
   13.30   -8.89
   14.11   -7.54
   14.78   -6.12
   15.31   -4.64
   15.69   -3.12
   15.92   -1.57
   16.00    0.00
   16.42    1.62
   16.18    3.22
   15.79    4.79
   15.24    6.31
   14.55    7.78
   13.72    9.17
   12.75   10.47
   11.67   11.67
   10.47   12.75
    9.17   13.72
    7.78   14.55
    6.31   15.24
    4.79   15.79
    3.22   16.18
    1.62   16.42
    0.00   16.50
   -1.62   16.42
   -3.22   16.18
   -4.79   15.79
   -6.31   15.24
   -7.78   14.55
   -9.17   13.72
  -10.47   12.75
  -11.67   11.67
  -12.75   10.47
  -13.72    9.17
  -14.55    7.78
  -15.24    6.31
  -15.79    4.79
  -16.18    3.22
  -16.42    1.62
  -16.50    0.00
  -16.42   -1.62
  -16.18   -3.22
  -15.79   -4.79
  -15.24   -6.31
  -14.55   -7.78
  -13.72   -9.17
  -12.75  -10.47
  -11.67  -11.67
  -10.47  -12.75
   -9.17  -13.72
   -7.78  -14.55
   -6.31  -15.24
   -4.79  -15.79
   -3.22  -16.18
   -1.62  -16.42
    0.00  -16.50
    1.62  -16.42
    3.22  -16.18
    4.79  -15.79
    6.31  -15.24
    7.78  -14.55
    9.17  -13.72
   10.47  -12.75
   11.67  -11.67
   12.75  -10.47
   13.72   -9.17
   14.55   -7.78
   15.24   -6.31
   15.79   -4.79
   16.18   -3.22
   16.42   -1.62
   16.50    0.00
   16.92    1.67
   16.67    3.32
   16.27    4.93
   15.71    6.51
   14.99    8.01
   14.13    9.44
   13.14   10.78
   12.02   12.02
   10.78   13.14
    9.44   14.13
    8.01   14.99
    6.51   15.71
    4.93   16.27
    3.32   16.67
    1.67   16.92
    0.00   17.00
   -1.67   16.92
   -3.32   16.67
   -4.93   16.27
   -6.51   15.71
   -8.01   14.99
   -9.44   14.14
  -10.78   13.14
  -12.02   12.02
  -13.14   10.78
  -14.13    9.44
  -14.99    8.01
  -15.71    6.51
  -16.27    4.93
  -16.67    3.32
  -16.92    1.67
  -17.00    0.00
  -16.92   -1.67
  -16.67   -3.32
  -16.27   -4.93
  -15.71   -6.51
  -14.99   -8.01
  -14.14   -9.44
  -13.14  -10.78
  -12.02  -12.02
  -10.78  -13.14
   -9.44  -14.13
   -8.01  -14.99
   -6.51  -15.71
   -4.93  -16.27
   -3.32  -16.67
   -1.67  -16.92
    0.00  -17.00
    1.67  -16.92
    3.32  -16.67
    4.93  -16.27
    6.51  -15.71
    8.01  -14.99
    9.44  -14.14
   10.78  -13.14
   12.02  -12.02
   13.14  -10.78
   14.13   -9.44
   14.99   -8.01
   15.71   -6.51
   16.27   -4.93
   16.67   -3.32
   16.92   -1.67
   17.00    0.00
   17.42    1.72
   17.16    3.41
   16.75    5.08
   16.17    6.70
   15.43    8.25
   14.55    9.72
   13.53   11.10
   12.37   12.37
   11.10   13.53
    9.72   14.55
    8.25   15.43
    6.70   16.17
    5.08   16.75
    3.41   17.16
    1.72   17.42
    0.00   17.50
   -1.72   17.42
   -3.41   17.16
   -5.08   16.75
   -6.70   16.17
   -8.25   15.43
   -9.72   14.55
  -11.10   13.53
  -12.37   12.37
  -13.53   11.10
  -14.55    9.72
  -15.43    8.25
  -16.17    6.70
  -16.75    5.08
  -17.16    3.41
  -17.42    1.72
  -17.50    0.00
  -17.42   -1.72
  -17.16   -3.41
  -16.75   -5.08
  -16.17   -6.70
  -15.43   -8.25
  -14.55   -9.72
  -13.53  -11.10
  -12.37  -12.37
  -11.10  -13.53
   -9.72  -14.55
   -8.25  -15.43
   -6.70  -16.17
   -5.08  -16.75
   -3.41  -17.16
   -1.72  -17.42
    0.00  -17.50
    1.72  -17.42
    3.41  -17.16
    5.08  -16.75
    6.70  -16.17
    8.25  -15.43
    9.72  -14.55
   11.10  -13.53
   12.37  -12.37
   13.53  -11.10
   14.55   -9.72
   15.43   -8.25
   16.17   -6.70
   16.75   -5.08
   17.16   -3.41
   17.42   -1.72
   17.50    0.00
   17.91    1.76
   17.65    3.51
   17.22    5.23
   16.63    6.89
   15.87    8.49
   14.97   10.00
   13.91   11.42
   12.73   12.73
   11.42   13.91
   10.00   14.97
    8.49   15.87
    6.89   16.63
    5.23   17.22
    3.51   17.65
    1.76   17.91
    0.00   18.00
   -1.76   17.91
   -3.51   17.65
   -5.23   17.22
   -6.89   16.63
   -8.49   15.87
  -10.00   14.97
  -11.42   13.91
  -12.73   12.73
  -13.91   11.42
  -14.97   10.00
  -15.87    8.49
  -16.63    6.89
  -17.22    5.23
  -17.65    3.51
  -17.91    1.76
  -18.00    0.00
  -17.91   -1.76
  -17.65   -3.51
  -17.22   -5.23
  -16.63   -6.89
  -15.87   -8.49
  -14.97  -10.00
  -13.91  -11.42
  -12.73  -12.73
  -11.42  -13.91
  -10.00  -14.97
   -8.49  -15.87
   -6.89  -16.63
   -5.23  -17.22
   -3.51  -17.65
   -1.76  -17.91
    0.00  -18.00
    1.76  -17.91
    3.51  -17.65
    5.23  -17.22
    6.89  -16.63
    8.49  -15.87
   10.00  -14.97
   11.42  -13.91
   12.73  -12.73
   13.91  -11.42
   14.97  -10.00
   15.87   -8.49
   16.63   -6.89
   17.22   -5.23
   17.65   -3.51
   17.91   -1.76
   18.00    0.00
   18.41    1.81
   18.14    3.61
   17.70    5.37
   17.09    7.08
   16.32    8.72
   15.38   10.28
   14.30   11.74
   13.08   13.08
   11.74   14.30
   10.28   15.38
    8.72   16.32
    7.08   17.09
    5.37   17.70
    3.61   18.14
    1.81   18.41
    0.00   18.50
   -1.81   18.41
   -3.61   18.14
   -5.37   17.70
   -7.08   17.09
   -8.72   16.32
  -10.28   15.38
  -11.74   14.30
  -13.08   13.08
  -14.30   11.74
  -15.38   10.28
  -16.32    8.72
  -17.09    7.08
  -17.70    5.37
  -18.14    3.61
  -18.41    1.81
  -18.50    0.00
  -18.41   -1.81
  -18.14   -3.61
  -17.70   -5.37
  -17.09   -7.08
  -16.32   -8.72
  -15.38  -10.28
  -14.30  -11.74
  -13.08  -13.08
  -11.74  -14.30
  -10.28  -15.38
   -8.72  -16.32
   -7.08  -17.09
   -5.37  -17.70
   -3.61  -18.14
   -1.81  -18.41
    0.00  -18.50
    1.81  -18.41
    3.61  -18.14
    5.37  -17.70
    7.08  -17.09
    8.72  -16.32
   10.28  -15.38
   11.74  -14.30
   13.08  -13.08
   14.30  -11.74
   15.38  -10.28
   16.32   -8.72
   17.09   -7.08
   17.70   -5.37
   18.14   -3.61
   18.41   -1.81
   18.50    0.00
   18.91    1.86
   18.63    3.71
   18.18    5.52
   17.55    7.27
   16.76    8.96
   15.80   10.56
   14.69   12.05
   13.44   13.44
   12.05   14.69
   10.56   15.80
    8.96   16.76
    7.27   17.55
    5.52   18.18
    3.71   18.63
    1.86   18.91
    0.00   19.00
   -1.86   18.91
   -3.71   18.63
   -5.52   18.18
   -7.27   17.55
   -8.96   16.76
  -10.56   15.80
  -12.05   14.69
  -13.44   13.44
  -14.69   12.05
  -15.80   10.56
  -16.76    8.96
  -17.55    7.27
  -18.18    5.52
  -18.63    3.71
  -18.91    1.86
  -19.00    0.00
  -18.91   -1.86
  -18.63   -3.71
  -18.18   -5.52
  -17.55   -7.27
  -16.76   -8.96
  -15.80  -10.56
  -14.69  -12.05
  -13.44  -13.43
  -12.05  -14.69
  -10.56  -15.80
   -8.96  -16.76
   -7.27  -17.55
   -5.52  -18.18
   -3.71  -18.63
   -1.86  -18.91
    0.00  -19.00
    1.86  -18.91
    3.71  -18.63
    5.52  -18.18
    7.27  -17.55
    8.96  -16.76
   10.56  -15.80
   12.05  -14.69
   13.43  -13.44
   14.69  -12.05
   15.80  -10.56
   16.76   -8.96
   17.55   -7.27
   18.18   -5.52
   18.63   -3.71
   18.91   -1.86
   19.00    0.00
   19.41    1.91
   19.13    3.80
   18.66    5.66
   18.02    7.46
   17.20    9.19
   16.21   10.83
   15.07   12.37
   13.79   13.79
   12.37   15.07
   10.83   16.21
    9.19   17.20
    7.46   18.02
    5.66   18.66
    3.80   19.13
    1.91   19.41
    0.00   19.50
   -1.91   19.41
   -3.80   19.13
   -5.66   18.66
   -7.46   18.02
   -9.19   17.20
  -10.83   16.21
  -12.37   15.07
  -13.79   13.79
  -15.07   12.37
  -16.21   10.83
  -17.20    9.19
  -18.02    7.46
  -18.66    5.66
  -19.13    3.80
  -19.41    1.91
  -19.50    0.00
  -19.41   -1.91
  -19.13   -3.80
  -18.66   -5.66
  -18.02   -7.46
  -17.20   -9.19
  -16.21  -10.83
  -15.07  -12.37
  -13.79  -13.79
  -12.37  -15.07
  -10.83  -16.21
   -9.19  -17.20
   -7.46  -18.02
   -5.66  -18.66
   -3.80  -19.13
   -1.91  -19.41
    0.00  -19.50
    1.91  -19.41
    3.80  -19.13
    5.66  -18.66
    7.46  -18.02
    9.19  -17.20
   10.83  -16.21
   12.37  -15.07
   13.79  -13.79
   15.07  -12.37
   16.21  -10.83
   17.20   -9.19
   18.02   -7.46
   18.66   -5.66
   19.13   -3.80
   19.41   -1.91
   19.50    0.00
   19.90    1.96
   19.62    3.90
   19.14    5.81
   18.48    7.65
   17.64    9.43
   16.63   11.11
   15.46   12.69
   14.14   14.14
   12.69   15.46
   11.11   16.63
    9.43   17.64
    7.65   18.48
    5.81   19.14
    3.90   19.62
    1.96   19.90
    0.00   20.00
   -1.96   19.90
   -3.90   19.62
   -5.81   19.14
   -7.65   18.48
   -9.43   17.64
  -11.11   16.63
  -12.69   15.46
  -14.14   14.14
  -15.46   12.69
  -16.63   11.11
  -17.64    9.43
  -18.48    7.65
  -19.14    5.81
  -19.62    3.90
  -19.90    1.96
  -20.00    0.00
  -19.90   -1.96
  -19.62   -3.90
  -19.14   -5.81
  -18.48   -7.65
  -17.64   -9.43
  -16.63  -11.11
  -15.46  -12.69
  -14.14  -14.14
  -12.69  -15.46
  -11.11  -16.63
   -9.43  -17.64
   -7.65  -18.48
   -5.81  -19.14
   -3.90  -19.62
   -1.96  -19.90
    0.00  -20.00
    1.96  -19.90
    3.90  -19.62
    5.81  -19.14
    7.65  -18.48
    9.43  -17.64
   11.11  -16.63
   12.69  -15.46
   14.14  -14.14
   15.46  -12.69
   16.63  -11.11
   17.64   -9.43
   18.48   -7.65
   19.14   -5.81
   19.62   -3.90
   19.90   -1.96
   20.00    0.00
   20.40    2.01
   20.11    4.00
   19.62    5.95
   18.94    7.85
   18.08    9.66
   17.05   11.39
   15.85   13.01
   14.50   14.50
   13.01   15.85
   11.39   17.05
    9.66   18.08
    7.85   18.94
    5.95   19.62
    4.00   20.11
    2.01   20.40
    0.00   20.50
   -2.01   20.40
   -4.00   20.11
   -5.95   19.62
   -7.84   18.94
   -9.66   18.08
  -11.39   17.05
  -13.01   15.85
  -14.50   14.50
  -15.85   13.01
  -17.05   11.39
  -18.08    9.66
  -18.94    7.85
  -19.62    5.95
  -20.11    4.00
  -20.40    2.01
  -20.50    0.00
  -20.40   -2.01
  -20.11   -4.00
  -19.62   -5.95
  -18.94   -7.84
  -18.08   -9.66
  -17.05  -11.39
  -15.85  -13.01
  -14.50  -14.50
  -13.01  -15.85
  -11.39  -17.05
   -9.66  -18.08
   -7.85  -18.94
   -5.95  -19.62
   -4.00  -20.11
   -2.01  -20.40
    0.00  -20.50
    2.01  -20.40
    4.00  -20.11
    5.95  -19.62
    7.84  -18.94
    9.66  -18.08
   11.39  -17.05
   13.00  -15.85
   14.50  -14.50
   15.85  -13.01
   17.05  -11.39
   18.08   -9.66
   18.94   -7.85
   19.62   -5.95
   20.11   -4.00
   20.40   -2.01
   20.50    0.00
   20.90    2.06
   20.60    4.10
   20.10    6.10
   19.40    8.04
   18.52    9.90
   17.46   11.67
   16.23   13.32
   14.85   14.85
   13.32   16.23
   11.67   17.46
    9.90   18.52
    8.04   19.40
    6.10   20.10
    4.10   20.60
    2.06   20.90
    0.00   21.00
   -2.06   20.90
   -4.10   20.60
   -6.10   20.10
   -8.04   19.40
   -9.90   18.52
  -11.67   17.46
  -13.32   16.23
  -14.85   14.85
  -16.23   13.32
  -17.46   11.67
  -18.52    9.90
  -19.40    8.04
  -20.10    6.10
  -20.60    4.10
  -20.90    2.06
  -21.00    0.00
  -20.90   -2.06
  -20.60   -4.10
  -20.10   -6.10
  -19.40   -8.04
  -18.52   -9.90
  -17.46  -11.67
  -16.23  -13.32
  -14.85  -14.85
  -13.32  -16.23
  -11.67  -17.46
   -9.90  -18.52
   -8.04  -19.40
   -6.10  -20.10
   -4.10  -20.60
   -2.06  -20.90
    0.00  -21.00
    2.06  -20.90
    4.10  -20.60
    6.10  -20.10
    8.04  -19.40
    9.90  -18.52
   11.67  -17.46
   13.32  -16.23
   14.85  -14.85
   16.23  -13.32
   17.46  -11.67
   18.52   -9.90
   19.40   -8.04
   20.10   -6.10
   20.60   -4.10
   20.90   -2.06
   21.00    0.00
   21.40    2.11
   21.09    4.19
   20.57    6.24
   19.86    8.23
   18.96   10.14
   17.88   11.94
   16.62   13.64
   15.20   15.20
   13.64   16.62
   11.94   17.88
   10.14   18.96
    8.23   19.86
    6.24   20.57
    4.19   21.09
    2.11   21.40
    0.00   21.50
   -2.11   21.40
   -4.19   21.09
   -6.24   20.57
   -8.23   19.86
  -10.13   18.96
  -11.94   17.88
  -13.64   16.62
  -15.20   15.20
  -16.62   13.64
  -17.88   11.94
  -18.96   10.14
  -19.86    8.23
  -20.57    6.24
  -21.09    4.19
  -21.40    2.11
  -21.50    0.00
  -21.40   -2.11
  -21.09   -4.19
  -20.57   -6.24
  -19.86   -8.23
  -18.96  -10.13
  -17.88  -11.94
  -16.62  -13.64
  -15.20  -15.20
  -13.64  -16.62
  -11.94  -17.88
  -10.14  -18.96
   -8.23  -19.86
   -6.24  -20.57
   -4.19  -21.09
   -2.11  -21.40
    0.00  -21.50
    2.11  -21.40
    4.19  -21.09
    6.24  -20.57
    8.23  -19.86
   10.13  -18.96
   11.94  -17.88
   13.64  -16.62
   15.20  -15.20
   16.62  -13.64
   17.88  -11.94
   18.96  -10.14
   19.86   -8.23
   20.57   -6.24
   21.09   -4.19
   21.40   -2.11
   21.50    0.00
   21.89    2.16
   21.58    4.29
   21.05    6.39
   20.33    8.42
   19.40   10.37
   18.29   12.22
   17.01   13.96
   15.56   15.56
   13.96   17.01
   12.22   18.29
   10.37   19.40
    8.42   20.33
    6.39   21.05
    4.29   21.58
    2.16   21.89
    0.00   22.00
   -2.16   21.89
   -4.29   21.58
   -6.39   21.05
   -8.42   20.33
  -10.37   19.40
  -12.22   18.29
  -13.96   17.01
  -15.56   15.56
  -17.01   13.96
  -18.29   12.22
  -19.40   10.37
  -20.33    8.42
  -21.05    6.39
  -21.58    4.29
  -21.89    2.16
  -22.00    0.00
  -21.89   -2.16
  -21.58   -4.29
  -21.05   -6.39
  -20.33   -8.42
  -19.40  -10.37
  -18.29  -12.22
  -17.01  -13.96
  -15.56  -15.56
  -13.96  -17.01
  -12.22  -18.29
  -10.37  -19.40
   -8.42  -20.33
   -6.39  -21.05
   -4.29  -21.58
   -2.16  -21.89
    0.00  -22.00
    2.16  -21.89
    4.29  -21.58
    6.39  -21.05
    8.42  -20.33
   10.37  -19.40
   12.22  -18.29
   13.96  -17.01
   15.56  -15.56
   17.01  -13.96
   18.29  -12.22
   19.40  -10.37
   20.33   -8.42
   21.05   -6.39
   21.58   -4.29
   21.89   -2.16
   22.00    0.00
   22.39    2.21
   22.07    4.39
   21.53    6.53
   20.79    8.61
   19.84   10.61
   18.71   12.50
   17.39   14.27
   15.91   15.91
   14.27   17.39
   12.50   18.71
   10.61   19.84
    8.61   20.79
    6.53   21.53
    4.39   22.07
    2.21   22.39
    0.00   22.50
   -2.21   22.39
   -4.39   22.07
   -6.53   21.53
   -8.61   20.79
  -10.61   19.84
  -12.50   18.71
  -14.27   17.39
  -15.91   15.91
  -17.39   14.27
  -18.71   12.50
  -19.84   10.61
  -20.79    8.61
  -21.53    6.53
  -22.07    4.39
  -22.39    2.21
  -22.50    0.00
  -22.39   -2.21
  -22.07   -4.39
  -21.53   -6.53
  -20.79   -8.61
  -19.84  -10.61
  -18.71  -12.50
  -17.39  -14.27
  -15.91  -15.91
  -14.27  -17.39
  -12.50  -18.71
  -10.61  -19.84
   -8.61  -20.79
   -6.53  -21.53
   -4.39  -22.07
   -2.21  -22.39
    0.00  -22.50
    2.21  -22.39
    4.39  -22.07
    6.53  -21.53
    8.61  -20.79
   10.61  -19.84
   12.50  -18.71
   14.27  -17.39
   15.91  -15.91
   17.39  -14.27
   18.71  -12.50
   19.84  -10.61
   20.79   -8.61
   21.53   -6.53
   22.07   -4.39
   22.39   -2.21
   22.50    0.00
   22.89    2.25
   22.56    4.49
   22.01    6.68
   21.25    8.80
   20.28   10.84
   19.12   12.78
   17.78   14.59
   16.26   16.26
   14.59   17.78
   12.78   19.12
   10.84   20.28
    8.80   21.25
    6.68   22.01
    4.49   22.56
    2.25   22.89
    0.00   23.00
   -2.25   22.89
   -4.49   22.56
   -6.68   22.01
   -8.80   21.25
  -10.84   20.28
  -12.78   19.12
  -14.59   17.78
  -16.26   16.26
  -17.78   14.59
  -19.12   12.78
  -20.28   10.84
  -21.25    8.80
  -22.01    6.68
  -22.56    4.49
  -22.89    2.25
  -23.00    0.00
  -22.89   -2.25
  -22.56   -4.49
  -22.01   -6.68
  -21.25   -8.80
  -20.28  -10.84
  -19.12  -12.78
  -17.78  -14.59
  -16.26  -16.26
  -14.59  -17.78
  -12.78  -19.12
  -10.84  -20.28
   -8.80  -21.25
   -6.68  -22.01
   -4.49  -22.56
   -2.25  -22.89
    0.00  -23.00
    2.25  -22.89
    4.49  -22.56
    6.68  -22.01
    8.80  -21.25
   10.84  -20.28
   12.78  -19.12
   14.59  -17.78
   16.26  -16.26
   17.78  -14.59
   19.12  -12.78
   20.28  -10.84
   21.25   -8.80
   22.01   -6.68
   22.56   -4.49
   22.89   -2.25
   23.00    0.00
   23.39    2.30
   23.05    4.58
   22.49    6.82
   21.71    8.99
   20.73   11.08
   19.54   13.06
   18.17   14.91
   16.62   16.62
   14.91   18.17
   13.06   19.54
   11.08   20.73
    8.99   21.71
    6.82   22.49
    4.58   23.05
    2.30   23.39
    0.00   23.50
   -2.30   23.39
   -4.58   23.05
   -6.82   22.49
   -8.99   21.71
  -11.08   20.73
  -13.06   19.54
  -14.91   18.17
  -16.62   16.62
  -18.17   14.91
  -19.54   13.06
  -20.73   11.08
  -21.71    8.99
  -22.49    6.82
  -23.05    4.58
  -23.39    2.30
  -23.50    0.00
  -23.39   -2.30
  -23.05   -4.58
  -22.49   -6.82
  -21.71   -8.99
  -20.73  -11.08
  -19.54  -13.06
  -18.17  -14.91
  -16.62  -16.62
  -14.91  -18.17
  -13.06  -19.54
  -11.08  -20.73
   -8.99  -21.71
   -6.82  -22.49
   -4.58  -23.05
   -2.30  -23.39
    0.00  -23.50
    2.30  -23.39
    4.58  -23.05
    6.82  -22.49
    8.99  -21.71
   11.08  -20.73
   13.06  -19.54
   14.91  -18.17
   16.62  -16.62
   18.17  -14.91
   19.54  -13.06
   20.73  -11.08
   21.71   -8.99
   22.49   -6.82
   23.05   -4.58
   23.39   -2.30
   23.50    0.00
   23.88    2.35
   23.54    4.68
   22.97    6.97
   22.17    9.18
   21.17   11.31
   19.96   13.33
   18.55   15.23
   16.97   16.97
   15.23   18.55
   13.33   19.96
   11.31   21.17
    9.18   22.17
    6.97   22.97
    4.68   23.54
    2.35   23.88
    0.00   24.00
   -2.35   23.88
   -4.68   23.54
   -6.97   22.97
   -9.18   22.17
  -11.31   21.17
  -13.33   19.96
  -15.23   18.55
  -16.97   16.97
  -18.55   15.23
  -19.96   13.33
  -21.17   11.31
  -22.17    9.18
  -22.97    6.97
  -23.54    4.68
  -23.88    2.35
  -24.00    0.00
  -23.88   -2.35
  -23.54   -4.68
  -22.97   -6.97
  -22.17   -9.18
  -21.17  -11.31
  -19.96  -13.33
  -18.55  -15.23
  -16.97  -16.97
  -15.23  -18.55
  -13.33  -19.96
  -11.31  -21.17
   -9.18  -22.17
   -6.97  -22.97
   -4.68  -23.54
   -2.35  -23.88
    0.00  -24.00
    2.35  -23.88
    4.68  -23.54
    6.97  -22.97
    9.18  -22.17
   11.31  -21.17
   13.33  -19.96
   15.23  -18.55
   16.97  -16.97
   18.55  -15.23
   19.96  -13.33
   21.17  -11.31
   22.17   -9.18
   22.97   -6.97
   23.54   -4.68
   23.88   -2.35
   24.00    0.00
   24.38    2.40
   24.03    4.78
   23.45    7.11
   22.64    9.38
   21.61   11.55
   20.37   13.61
   18.94   15.54
   17.32   17.32
   15.54   18.94
   13.61   20.37
   11.55   21.61
    9.38   22.64
    7.11   23.45
    4.78   24.03
    2.40   24.38
    0.00   24.50
   -2.40   24.38
   -4.78   24.03
   -7.11   23.45
   -9.38   22.64
  -11.55   21.61
  -13.61   20.37
  -15.54   18.94
  -17.32   17.32
  -18.94   15.54
  -20.37   13.61
  -21.61   11.55
  -22.64    9.38
  -23.45    7.11
  -24.03    4.78
  -24.38    2.40
  -24.50    0.00
  -24.38   -2.40
  -24.03   -4.78
  -23.45   -7.11
  -22.64   -9.38
  -21.61  -11.55
  -20.37  -13.61
  -18.94  -15.54
  -17.32  -17.32
  -15.54  -18.94
  -13.61  -20.37
  -11.55  -21.61
   -9.38  -22.64
   -7.11  -23.45
   -4.78  -24.03
   -2.40  -24.38
    0.00  -24.50
    2.40  -24.38
    4.78  -24.03
    7.11  -23.45
    9.38  -22.64
   11.55  -21.61
   13.61  -20.37
   15.54  -18.94
   17.32  -17.32
   18.94  -15.54
   20.37  -13.61
   21.61  -11.55
   22.64   -9.38
   23.45   -7.11
   24.03   -4.78
   24.38   -2.40
   24.50    0.00
   24.88    2.45
   24.52    4.88
   23.92    7.26
   23.10    9.57
   22.05   11.78
   20.79   13.89
   19.33   15.86
   17.68   17.68
   15.86   19.33
   13.89   20.79
   11.78   22.05
    9.57   23.10
    7.26   23.92
    4.88   24.52
    2.45   24.88
    0.00   25.00
   -2.45   24.88
   -4.88   24.52
   -7.26   23.92
   -9.57   23.10
  -11.78   22.05
  -13.89   20.79
  -15.86   19.33
  -17.68   17.68
  -19.33   15.86
  -20.79   13.89
  -22.05   11.78
  -23.10    9.57
  -23.92    7.26
  -24.52    4.88
  -24.88    2.45
  -25.00    0.00
  -24.88   -2.45
  -24.52   -4.88
  -23.92   -7.26
  -23.10   -9.57
  -22.05  -11.78
  -20.79  -13.89
  -19.33  -15.86
  -17.68  -17.68
  -15.86  -19.33
  -13.89  -20.79
  -11.78  -22.05
   -9.57  -23.10
   -7.26  -23.92
   -4.88  -24.52
   -2.45  -24.88
    0.00  -25.00
    2.45  -24.88
    4.88  -24.52
    7.26  -23.92
    9.57  -23.10
   11.78  -22.05
   13.89  -20.79
   15.86  -19.33
   17.68  -17.68
   19.33  -15.86
   20.79  -13.89
   22.05  -11.79
   23.10   -9.57
   23.92   -7.26
   24.52   -4.88
   24.88   -2.45
   25.00    0.00
   25.38    2.50
   25.01    4.97
   24.40    7.40
   23.56    9.76
   22.49   12.02
   21.20   14.17
   19.71   16.18
   18.03   18.03
   16.18   19.71
   14.17   21.20
   12.02   22.49
    9.76   23.56
    7.40   24.40
    4.97   25.01
    2.50   25.38
    0.00   25.50
   -2.50   25.38
   -4.97   25.01
   -7.40   24.40
   -9.76   23.56
  -12.02   22.49
  -14.17   21.20
  -16.18   19.71
  -18.03   18.03
  -19.71   16.18
  -21.20   14.17
  -22.49   12.02
  -23.56    9.76
  -24.40    7.40
  -25.01    4.97
  -25.38    2.50
  -25.50    0.00
  -25.38   -2.50
  -25.01   -4.97
  -24.40   -7.40
  -23.56   -9.76
  -22.49  -12.02
  -21.20  -14.17
  -19.71  -16.18
  -18.03  -18.03
  -16.18  -19.71
  -14.17  -21.20
  -12.02  -22.49
   -9.76  -23.56
   -7.40  -24.40
   -4.97  -25.01
   -2.50  -25.38
    0.00  -25.50
    2.50  -25.38
    4.97  -25.01
    7.40  -24.40
    9.76  -23.56
   12.02  -22.49
   14.17  -21.20
   16.18  -19.71
   18.03  -18.03
   19.71  -16.18
   21.20  -14.17
   22.49  -12.02
   23.56   -9.76
   24.40   -7.40
   25.01   -4.97
   25.38   -2.50
   25.50    0.00
   25.87    2.55
   25.50    5.07
   24.88    7.55
   24.02    9.95
   22.93   12.26
   21.62   14.44
   20.10   16.49
   18.38   18.38
   16.49   20.10
   14.44   21.62
   12.26   22.93
    9.95   24.02
    7.55   24.88
    5.07   25.50
    2.55   25.87
    0.00   26.00
   -2.55   25.87
   -5.07   25.50
   -7.55   24.88
   -9.95   24.02
  -12.26   22.93
  -14.44   21.62
  -16.49   20.10
  -18.38   18.38
  -20.10   16.49
  -21.62   14.44
  -22.93   12.26
  -24.02    9.95
  -24.88    7.55
  -25.50    5.07
  -25.87    2.55
  -26.00    0.00
  -25.87   -2.55
  -25.50   -5.07
  -24.88   -7.55
  -24.02   -9.95
  -22.93  -12.26
  -21.62  -14.44
  -20.10  -16.49
  -18.38  -18.38
  -16.49  -20.10
  -14.44  -21.62
  -12.26  -22.93
   -9.95  -24.02
   -7.55  -24.88
   -5.07  -25.50
   -2.55  -25.87
    0.00  -26.00
    2.55  -25.87
    5.07  -25.50
    7.55  -24.88
    9.95  -24.02
   12.26  -22.93
   14.44  -21.62
   16.49  -20.10
   18.38  -18.38
   20.10  -16.49
   21.62  -14.44
   22.93  -12.26
   24.02   -9.95
   24.88   -7.55
   25.50   -5.07
   25.87   -2.55
   26.00    0.00
   26.37    2.60
   25.99    5.17
   25.36    7.69
   24.48   10.14
   23.37   12.49
   22.03   14.72
   20.48   16.81
   18.74   18.74
   16.81   20.48
   14.72   22.03
   12.49   23.37
   10.14   24.48
    7.69   25.36
    5.17   25.99
    2.60   26.37
    0.00   26.50
   -2.60   26.37
   -5.17   25.99
   -7.69   25.36
  -10.14   24.48
  -12.49   23.37
  -14.72   22.03
  -16.81   20.48
  -18.74   18.74
  -20.48   16.81
  -22.03   14.72
  -23.37   12.49
  -24.48   10.14
  -25.36    7.69
  -25.99    5.17
  -26.37    2.60
  -26.50    0.00
  -26.37   -2.60
  -25.99   -5.17
  -25.36   -7.69
  -24.48  -10.14
  -23.37  -12.49
  -22.03  -14.72
  -20.48  -16.81
  -18.74  -18.74
  -16.81  -20.48
  -14.72  -22.03
  -12.49  -23.37
  -10.14  -24.48
   -7.69  -25.36
   -5.17  -25.99
   -2.60  -26.37
    0.00  -26.50
    2.60  -26.37
    5.17  -25.99
    7.69  -25.36
   10.14  -24.48
   12.49  -23.37
   14.72  -22.03
   16.81  -20.48
   18.74  -18.74
   20.48  -16.81
   22.03  -14.72
   23.37  -12.49
   24.48  -10.14
   25.36   -7.69
   25.99   -5.17
   26.37   -2.60
   26.50    0.00
   26.87    2.65
   26.48    5.27
   25.84    7.84
   24.94   10.33
   23.81   12.73
   22.45   15.00
   20.87   17.13
   19.09   19.09
   17.13   20.87
   15.00   22.45
   12.73   23.81
   10.33   24.94
    7.84   25.84
    5.27   26.48
    2.65   26.87
    0.00   27.00
   -2.65   26.87
   -5.27   26.48
   -7.84   25.84
  -10.33   24.94
  -12.73   23.81
  -15.00   22.45
  -17.13   20.87
  -19.09   19.09
  -20.87   17.13
  -22.45   15.00
  -23.81   12.73
  -24.94   10.33
  -25.84    7.84
  -26.48    5.27
  -26.87    2.65
  -27.00    0.00
  -26.87   -2.65
  -26.48   -5.27
  -25.84   -7.84
  -24.94  -10.33
  -23.81  -12.73
  -22.45  -15.00
  -20.87  -17.13
  -19.09  -19.09
  -17.13  -20.87
  -15.00  -22.45
  -12.73  -23.81
  -10.33  -24.94
   -7.84  -25.84
   -5.27  -26.48
   -2.65  -26.87
    0.00  -27.00
    2.65  -26.87
    5.27  -26.48
    7.84  -25.84
   10.33  -24.94
   12.73  -23.81
   15.00  -22.45
   17.13  -20.87
   19.09  -19.09
   20.87  -17.13
   22.45  -15.00
   23.81  -12.73
   24.94  -10.33
   25.84   -7.84
   26.48   -5.27
   26.87   -2.65
   27.00    0.00
   27.37    2.70
   26.97    5.36
   26.32    7.98
   25.41   10.52
   24.25   12.96
   22.87   15.28
   21.26   17.45
   19.45   19.45
   17.45   21.26
   15.28   22.87
   12.96   24.25
   10.52   25.41
    7.98   26.32
    5.37   26.97
    2.70   27.37
    0.00   27.50
   -2.70   27.37
   -5.36   26.97
   -7.98   26.32
  -10.52   25.41
  -12.96   24.25
  -15.28   22.87
  -17.45   21.26
  -19.45   19.45
  -21.26   17.45
  -22.87   15.28
  -24.25   12.96
  -25.41   10.52
  -26.32    7.98
  -26.97    5.37
  -27.37    2.70
  -27.50    0.00
  -27.37   -2.70
  -26.97   -5.36
  -26.32   -7.98
  -25.41  -10.52
  -24.25  -12.96
  -22.87  -15.28
  -21.26  -17.45
  -19.45  -19.45
  -17.45  -21.26
  -15.28  -22.87
  -12.96  -24.25
  -10.52  -25.41
   -7.98  -26.32
   -5.37  -26.97
   -2.70  -27.37
    0.00  -27.50
    2.70  -27.37
    5.36  -26.97
    7.98  -26.32
   10.52  -25.41
   12.96  -24.25
   15.28  -22.87
   17.45  -21.26
   19.45  -19.45
   21.26  -17.45
   22.87  -15.28
   24.25  -12.96
   25.41  -10.52
   26.32   -7.98
   26.97   -5.37
   27.37   -2.70
   27.50    0.00
   27.87    2.74
   27.46    5.46
   26.79    8.13
   25.87   10.72
   24.69   13.20
   23.28   15.56
   21.64   17.76
   19.80   19.80
   17.76   21.64
   15.56   23.28
   13.20   24.69
   10.72   25.87
    8.13   26.79
    5.46   27.46
    2.74   27.87
    0.00   28.00
   -2.74   27.87
   -5.46   27.46
   -8.13   26.79
  -10.72   25.87
  -13.20   24.69
  -15.56   23.28
  -17.76   21.64
  -19.80   19.80
  -21.64   17.76
  -23.28   15.56
  -24.69   13.20
  -25.87   10.72
  -26.79    8.13
  -27.46    5.46
  -27.87    2.74
  -28.00    0.00
  -27.87   -2.74
  -27.46   -5.46
  -26.79   -8.13
  -25.87  -10.72
  -24.69  -13.20
  -23.28  -15.56
  -21.64  -17.76
  -19.80  -19.80
  -17.76  -21.64
  -15.56  -23.28
  -13.20  -24.69
  -10.72  -25.87
   -8.13  -26.79
   -5.46  -27.46
   -2.74  -27.87
    0.00  -28.00
    2.74  -27.87
    5.46  -27.46
    8.13  -26.79
   10.72  -25.87
   13.20  -24.69
   15.56  -23.28
   17.76  -21.64
   19.80  -19.80
   21.64  -17.76
   23.28  -15.56
   24.69  -13.20
   25.87  -10.72
   26.79   -8.13
   27.46   -5.46
   27.87   -2.74
   28.00    0.00
   28.36    2.79
   27.95    5.56
   27.27    8.27
   26.33   10.91
   25.13   13.43
   23.70   15.83
   22.03   18.08
   20.15   20.15
   18.08   22.03
   15.83   23.70
   13.43   25.13
   10.91   26.33
    8.27   27.27
    5.56   27.95
    2.79   28.36
    0.00   28.50
   -2.79   28.36
   -5.56   27.95
   -8.27   27.27
  -10.91   26.33
  -13.43   25.13
  -15.83   23.70
  -18.08   22.03
  -20.15   20.15
  -22.03   18.08
  -23.70   15.83
  -25.13   13.43
  -26.33   10.91
  -27.27    8.27
  -27.95    5.56
  -28.36    2.79
  -28.50    0.00
  -28.36   -2.79
  -27.95   -5.56
  -27.27   -8.27
  -26.33  -10.91
  -25.13  -13.43
  -23.70  -15.83
  -22.03  -18.08
  -20.15  -20.15
  -18.08  -22.03
  -15.83  -23.70
  -13.43  -25.13
  -10.91  -26.33
   -8.27  -27.27
   -5.56  -27.95
   -2.79  -28.36
    0.00  -28.50
    2.79  -28.36
    5.56  -27.95
    8.27  -27.27
   10.91  -26.33
   13.43  -25.13
   15.83  -23.70
   18.08  -22.03
   20.15  -20.15
   22.03  -18.08
   23.70  -15.83
   25.13  -13.43
   26.33  -10.91
   27.27   -8.27
   27.95   -5.56
   28.36   -2.79
   28.50    0.00
   28.86    2.84
   28.44    5.66
   27.75    8.42
   26.79   11.10
   25.58   13.67
   24.11   16.11
   22.42   18.40
   20.51   20.51
   18.40   22.42
   16.11   24.11
   13.67   25.58
   11.10   26.79
    8.42   27.75
    5.66   28.44
    2.84   28.86
    0.00   29.00
   -2.84   28.86
   -5.66   28.44
   -8.42   27.75
  -11.10   26.79
  -13.67   25.58
  -16.11   24.11
  -18.40   22.42
  -20.51   20.51
  -22.42   18.40
  -24.11   16.11
  -25.58   13.67
  -26.79   11.10
  -27.75    8.42
  -28.44    5.66
  -28.86    2.84
  -29.00    0.00
  -28.86   -2.84
  -28.44   -5.66
  -27.75   -8.42
  -26.79  -11.10
  -25.58  -13.67
  -24.11  -16.11
  -22.42  -18.40
  -20.51  -20.51
  -18.40  -22.42
  -16.11  -24.11
  -13.67  -25.58
  -11.10  -26.79
   -8.42  -27.75
   -5.66  -28.44
   -2.84  -28.86
    0.00  -29.00
    2.84  -28.86
    5.66  -28.44
    8.42  -27.75
   11.10  -26.79
   13.67  -25.58
   16.11  -24.11
   18.40  -22.42
   20.51  -20.51
   22.42  -18.40
   24.11  -16.11
   25.58  -13.67
   26.79  -11.10
   27.75   -8.42
   28.44   -5.66
   28.86   -2.84
   29.00    0.00
   29.36    2.89
   28.93    5.76
   28.23    8.56
   27.25   11.29
   26.02   13.91
   24.53   16.39
   22.80   18.71
   20.86   20.86
   18.71   22.80
   16.39   24.53
   13.91   26.02
   11.29   27.25
    8.56   28.23
    5.76   28.93
    2.89   29.36
    0.00   29.50
   -2.89   29.36
   -5.76   28.93
   -8.56   28.23
  -11.29   27.25
  -13.91   26.02
  -16.39   24.53
  -18.71   22.80
  -20.86   20.86
  -22.80   18.71
  -24.53   16.39
  -26.02   13.91
  -27.25   11.29
  -28.23    8.56
  -28.93    5.76
  -29.36    2.89
  -29.50    0.00
  -29.36   -2.89
  -28.93   -5.76
  -28.23   -8.56
  -27.25  -11.29
  -26.02  -13.91
  -24.53  -16.39
  -22.80  -18.71
  -20.86  -20.86
  -18.71  -22.80
  -16.39  -24.53
  -13.91  -26.02
  -11.29  -27.25
   -8.56  -28.23
   -5.76  -28.93
   -2.89  -29.36
    0.00  -29.50
    2.89  -29.36
    5.76  -28.93
    8.56  -28.23
   11.29  -27.25
   13.91  -26.02
   16.39  -24.53
   18.71  -22.80
   20.86  -20.86
   22.80  -18.71
   24.53  -16.39
   26.02  -13.91
   27.25  -11.29
   28.23   -8.56
   28.93   -5.76
   29.36   -2.89
   29.50    0.00
   29.86    2.94
   29.42    5.85
   28.71    8.71
   27.72   11.48
   26.46   14.14
   24.94   16.67
   23.19   19.03
   21.21   21.21
   19.03   23.19
   16.67   24.94
   14.14   26.46
   11.48   27.72
    8.71   28.71
    5.85   29.42
    2.94   29.86
    0.00   30.00
   -2.94   29.86
   -5.85   29.42
   -8.71   28.71
  -11.48   27.72
  -14.14   26.46
  -16.67   24.94
  -19.03   23.19
  -21.21   21.21
  -23.19   19.03
  -24.94   16.67
  -26.46   14.14
  -27.72   11.48
  -28.71    8.71
  -29.42    5.85
  -29.86    2.94
  -30.00    0.00
  -29.86   -2.94
  -29.42   -5.85
  -28.71   -8.71
  -27.72  -11.48
  -26.46  -14.14
  -24.94  -16.67
  -23.19  -19.03
  -21.21  -21.21
  -19.03  -23.19
  -16.67  -24.94
  -14.14  -26.46
  -11.48  -27.72
   -8.71  -28.71
   -5.85  -29.42
   -2.94  -29.86
    0.00  -30.00
    2.94  -29.86
    5.85  -29.42
    8.71  -28.71
   11.48  -27.72
   14.14  -26.46
   16.67  -24.94
   19.03  -23.19
   21.21  -21.21
   23.19  -19.03
   24.94  -16.67
   26.46  -14.14
   27.72  -11.48
   28.71   -8.71
   29.42   -5.85
   29.86   -2.94
   30.00    0.00
   30.35    2.99
   29.91    5.95
   29.19    8.85
   28.18   11.67
   26.90   14.38
   25.36   16.94
   23.58   19.35
   21.57   21.57
   19.35   23.58
   16.94   25.36
   14.38   26.90
   11.67   28.18
    8.85   29.19
    5.95   29.91
    2.99   30.35
    0.00   30.50
   -2.99   30.35
   -5.95   29.91
   -8.85   29.19
  -11.67   28.18
  -14.38   26.90
  -16.94   25.36
  -19.35   23.58
  -21.57   21.57
  -23.58   19.35
  -25.36   16.94
  -26.90   14.38
  -28.18   11.67
  -29.19    8.85
  -29.91    5.95
  -30.35    2.99
  -30.50    0.00
  -30.35   -2.99
  -29.91   -5.95
  -29.19   -8.85
  -28.18  -11.67
  -26.90  -14.38
  -25.36  -16.94
  -23.58  -19.35
  -21.57  -21.57
  -19.35  -23.58
  -16.94  -25.36
  -14.38  -26.90
  -11.67  -28.18
   -8.85  -29.19
   -5.95  -29.91
   -2.99  -30.35
    0.00  -30.50
    2.99  -30.35
    5.95  -29.91
    8.85  -29.19
   11.67  -28.18
   14.38  -26.90
   16.94  -25.36
   19.35  -23.58
   21.57  -21.57
   23.58  -19.35
   25.36  -16.95
   26.90  -14.38
   28.18  -11.67
   29.19   -8.85
   29.91   -5.95
   30.35   -2.99
   30.50    0.00
   30.85    3.04
   30.40    6.05
   29.67    9.00
   28.64   11.86
   27.34   14.61
   25.78   17.22
   23.96   19.67
   21.92   21.92
   19.67   23.96
   17.22   25.78
   14.61   27.34
   11.86   28.64
    9.00   29.67
    6.05   30.40
    3.04   30.85
    0.00   31.00
   -3.04   30.85
   -6.05   30.40
   -9.00   29.67
  -11.86   28.64
  -14.61   27.34
  -17.22   25.78
  -19.67   23.96
  -21.92   21.92
  -23.96   19.67
  -25.78   17.22
  -27.34   14.61
  -28.64   11.86
  -29.67    9.00
  -30.40    6.05
  -30.85    3.04
  -31.00    0.00
  -30.85   -3.04
  -30.40   -6.05
  -29.67   -9.00
  -28.64  -11.86
  -27.34  -14.61
  -25.78  -17.22
  -23.96  -19.67
  -21.92  -21.92
  -19.67  -23.96
  -17.22  -25.78
  -14.61  -27.34
  -11.86  -28.64
   -9.00  -29.67
   -6.05  -30.40
   -3.04  -30.85
    0.00  -31.00
    3.04  -30.85
    6.05  -30.40
    9.00  -29.67
   11.86  -28.64
   14.61  -27.34
   17.22  -25.78
   19.67  -23.96
   21.92  -21.92
   23.96  -19.67
   25.78  -17.22
   27.34  -14.61
   28.64  -11.86
   29.67   -9.00
   30.40   -6.05
   30.85   -3.04
   31.00    0.00
   31.35    3.09
   30.89    6.15
   30.14    9.14
   29.10   12.05
   27.78   14.85
   26.19   17.50
   24.35   19.98
   22.27   22.27
   19.98   24.35
   17.50   26.19
   14.85   27.78
   12.05   29.10
    9.14   30.14
    6.15   30.89
    3.09   31.35
    0.00   31.50
   -3.09   31.35
   -6.15   30.89
   -9.14   30.14
  -12.05   29.10
  -14.85   27.78
  -17.50   26.19
  -19.98   24.35
  -22.27   22.27
  -24.35   19.98
  -26.19   17.50
  -27.78   14.85
  -29.10   12.05
  -30.14    9.14
  -30.89    6.15
  -31.35    3.09
  -31.50    0.00
  -31.35   -3.09
  -30.89   -6.15
  -30.14   -9.14
  -29.10  -12.05
  -27.78  -14.85
  -26.19  -17.50
  -24.35  -19.98
  -22.27  -22.27
  -19.98  -24.35
  -17.50  -26.19
  -14.85  -27.78
  -12.05  -29.10
   -9.14  -30.14
   -6.15  -30.89
   -3.09  -31.35
    0.00  -31.50
    3.09  -31.35
    6.15  -30.89
    9.14  -30.14
   12.05  -29.10
   14.85  -27.78
   17.50  -26.19
   19.98  -24.35
   22.27  -22.27
   24.35  -19.98
   26.19  -17.50
   27.78  -14.85
   29.10  -12.05
   30.14   -9.14
   30.89   -6.15
   31.35   -3.09
   31.50    0.00
   31.85    3.14
   31.39    6.24
   30.62    9.29
   29.56   12.25
   28.22   15.08
   26.61   17.78
   24.74   20.30
   22.63   22.63
   20.30   24.74
   17.78   26.61
   15.08   28.22
   12.25   29.56
    9.29   30.62
    6.24   31.39
    3.14   31.85
    0.00   32.00
   -3.14   31.85
   -6.24   31.39
   -9.29   30.62
  -12.25   29.56
  -15.08   28.22
  -17.78   26.61
  -20.30   24.74
  -22.63   22.63
  -24.74   20.30
  -26.61   17.78
  -28.22   15.08
  -29.56   12.25
  -30.62    9.29
  -31.39    6.24
  -31.85    3.14
  -32.00    0.00
  -31.85   -3.14
  -31.39   -6.24
  -30.62   -9.29
  -29.56  -12.25
  -28.22  -15.08
  -26.61  -17.78
  -24.74  -20.30
  -22.63  -22.63
  -20.30  -24.74
  -17.78  -26.61
  -15.08  -28.22
  -12.25  -29.56
   -9.29  -30.62
   -6.24  -31.39
   -3.14  -31.85
    0.00  -32.00
    3.14  -31.85
    6.24  -31.39
    9.29  -30.62
   12.25  -29.56
   15.08  -28.22
   17.78  -26.61
   20.30  -24.74
   22.63  -22.63
   24.74  -20.30
   26.61  -17.78
   28.22  -15.08
   29.56  -12.25
   30.62   -9.29
   31.39   -6.24
   31.85   -3.14
   32.00    0.00
   32.34    3.19
   31.88    6.34
   31.10    9.43
   30.03   12.44
   28.66   15.32
   27.02   18.06
   25.12   20.62
   22.98   22.98
   20.62   25.12
   18.06   27.02
   15.32   28.66
   12.44   30.03
    9.43   31.10
    6.34   31.88
    3.19   32.34
    0.00   32.50
   -3.19   32.34
   -6.34   31.88
   -9.43   31.10
  -12.44   30.03
  -15.32   28.66
  -18.06   27.02
  -20.62   25.12
  -22.98   22.98
  -25.12   20.62
  -27.02   18.06
  -28.66   15.32
  -30.03   12.44
  -31.10    9.43
  -31.88    6.34
  -32.34    3.19
  -32.50    0.00
  -32.34   -3.19
  -31.88   -6.34
  -31.10   -9.43
  -30.03  -12.44
  -28.66  -15.32
  -27.02  -18.06
  -25.12  -20.62
  -22.98  -22.98
  -20.62  -25.12
  -18.06  -27.02
  -15.32  -28.66
  -12.44  -30.03
   -9.43  -31.10
   -6.34  -31.88
   -3.19  -32.34
    0.00  -32.50
    3.19  -32.34
    6.34  -31.88
    9.43  -31.10
   12.44  -30.03
   15.32  -28.66
   18.06  -27.02
   20.62  -25.12
   22.98  -22.98
   25.12  -20.62
   27.02  -18.06
   28.66  -15.32
   30.03  -12.44
   31.10   -9.43
   31.88   -6.34
   32.34   -3.19
   32.50    0.00
   32.84    3.23
   32.37    6.44
   31.58    9.58
   30.49   12.63
   29.10   15.56
   27.44   18.33
   25.51   20.93
   23.33   23.33
   20.93   25.51
   18.33   27.44
   15.56   29.10
   12.63   30.49
    9.58   31.58
    6.44   32.37
    3.23   32.84
    0.00   33.00
   -3.23   32.84
   -6.44   32.37
   -9.58   31.58
  -12.63   30.49
  -15.56   29.10
  -18.33   27.44
  -20.93   25.51
  -23.33   23.33
  -25.51   20.94
  -27.44   18.33
  -29.10   15.56
  -30.49   12.63
  -31.58    9.58
  -32.37    6.44
  -32.84    3.23
  -33.00    0.00
  -32.84   -3.23
  -32.37   -6.44
  -31.58   -9.58
  -30.49  -12.63
  -29.10  -15.56
  -27.44  -18.33
  -25.51  -20.93
  -23.33  -23.33
  -20.94  -25.51
  -18.33  -27.44
  -15.56  -29.10
  -12.63  -30.49
   -9.58  -31.58
   -6.44  -32.37
   -3.23  -32.84
    0.00  -33.00
    3.23  -32.84
    6.44  -32.37
    9.58  -31.58
   12.63  -30.49
   15.56  -29.10
   18.33  -27.44
   20.93  -25.51
   23.33  -23.33
   25.51  -20.94
   27.44  -18.33
   29.10  -15.56
   30.49  -12.63
   31.58   -9.58
   32.37   -6.44
   32.84   -3.23
   33.00    0.00
   33.34    3.28
   32.86    6.54
   32.06    9.72
   30.95   12.82
   29.54   15.79
   27.85   18.61
   25.90   21.25
   23.69   23.69
   21.25   25.90
   18.61   27.85
   15.79   29.54
   12.82   30.95
    9.72   32.06
    6.54   32.86
    3.28   33.34
    0.00   33.50
   -3.28   33.34
   -6.54   32.86
   -9.72   32.06
  -12.82   30.95
  -15.79   29.54
  -18.61   27.85
  -21.25   25.90
  -23.69   23.69
  -25.90   21.25
  -27.85   18.61
  -29.54   15.79
  -30.95   12.82
  -32.06    9.72
  -32.86    6.54
  -33.34    3.28
  -33.50    0.00
  -33.34   -3.28
  -32.86   -6.54
  -32.06   -9.72
  -30.95  -12.82
  -29.54  -15.79
  -27.85  -18.61
  -25.90  -21.25
  -23.69  -23.69
  -21.25  -25.90
  -18.61  -27.85
  -15.79  -29.54
  -12.82  -30.95
   -9.72  -32.06
   -6.54  -32.86
   -3.28  -33.34
    0.00  -33.50
    3.28  -33.34
    6.54  -32.86
    9.72  -32.06
   12.82  -30.95
   15.79  -29.54
   18.61  -27.85
   21.25  -25.90
   23.69  -23.69
   25.90  -21.25
   27.85  -18.61
   29.54  -15.79
   30.95  -12.82
   32.06   -9.72
   32.86   -6.54
   33.34   -3.28
   33.50    0.00
   33.84    3.33
   33.35    6.63
   32.54    9.87
   31.41   13.01
   29.99   16.03
   28.27   18.89
   26.28   21.57
   24.04   24.04
   21.57   26.28
   18.89   28.27
   16.03   29.99
   13.01   31.41
    9.87   32.54
    6.63   33.35
    3.33   33.84
    0.00   34.00
   -3.33   33.84
   -6.63   33.35
   -9.87   32.54
  -13.01   31.41
  -16.03   29.99
  -18.89   28.27
  -21.57   26.28
  -24.04   24.04
  -26.28   21.57
  -28.27   18.89
  -29.99   16.03
  -31.41   13.01
  -32.54    9.87
  -33.35    6.63
  -33.84    3.33
  -34.00    0.00
  -33.84   -3.33
  -33.35   -6.63
  -32.54   -9.87
  -31.41  -13.01
  -29.99  -16.03
  -28.27  -18.89
  -26.28  -21.57
  -24.04  -24.04
  -21.57  -26.28
  -18.89  -28.27
  -16.03  -29.99
  -13.01  -31.41
   -9.87  -32.54
   -6.63  -33.35
   -3.33  -33.84
    0.00  -34.00
    3.33  -33.84
    6.63  -33.35
    9.87  -32.54
   13.01  -31.41
   16.03  -29.99
   18.89  -28.27
   21.57  -26.28
   24.04  -24.04
   26.28  -21.57
   28.27  -18.89
   29.99  -16.03
   31.41  -13.01
   32.54   -9.87
   33.35   -6.63
   33.84   -3.33
   34.00    0.00
   34.33    3.38
   33.84    6.73
   33.01   10.01
   31.87   13.20
   30.43   16.26
   28.69   19.17
   26.67   21.89
   24.40   24.40
   21.89   26.67
   19.17   28.69
   16.26   30.43
   13.20   31.87
   10.01   33.01
    6.73   33.84
    3.38   34.33
    0.00   34.50
   -3.38   34.33
   -6.73   33.84
  -10.01   33.01
  -13.20   31.87
  -16.26   30.43
  -19.17   28.69
  -21.89   26.67
  -24.40   24.40
  -26.67   21.89
  -28.69   19.17
  -30.43   16.26
  -31.87   13.20
  -33.01   10.01
  -33.84    6.73
  -34.33    3.38
  -34.50    0.00
  -34.33   -3.38
  -33.84   -6.73
  -33.01  -10.01
  -31.87  -13.20
  -30.43  -16.26
  -28.69  -19.17
  -26.67  -21.89
  -24.40  -24.40
  -21.89  -26.67
  -19.17  -28.69
  -16.26  -30.43
  -13.20  -31.87
  -10.01  -33.01
   -6.73  -33.84
   -3.38  -34.33
    0.00  -34.50
    3.38  -34.33
    6.73  -33.84
   10.01  -33.01
   13.20  -31.87
   16.26  -30.43
   19.17  -28.69
   21.89  -26.67
   24.40  -24.40
   26.67  -21.89
   28.69  -19.17
   30.43  -16.26
   31.87  -13.20
   33.01  -10.01
   33.84   -6.73
   34.33   -3.38
   34.50    0.00
   34.83    3.43
   34.33    6.83
   33.49   10.16
   32.34   13.39
   30.87   16.50
   29.10   19.44
   27.06   22.20
   24.75   24.75
   22.20   27.06
   19.44   29.10
   16.50   30.87
   13.39   32.34
   10.16   33.49
    6.83   34.33
    3.43   34.83
    0.00   35.00
   -3.43   34.83
   -6.83   34.33
  -10.16   33.49
  -13.39   32.34
  -16.50   30.87
  -19.44   29.10
  -22.20   27.06
  -24.75   24.75
  -27.06   22.20
  -29.10   19.45
  -30.87   16.50
  -32.34   13.39
  -33.49   10.16
  -34.33    6.83
  -34.83    3.43
  -35.00    0.00
  -34.83   -3.43
  -34.33   -6.83
  -33.49  -10.16
  -32.34  -13.39
  -30.87  -16.50
  -29.10  -19.44
  -27.06  -22.20
  -24.75  -24.75
  -22.20  -27.06
  -19.45  -29.10
  -16.50  -30.87
  -13.39  -32.34
  -10.16  -33.49
   -6.83  -34.33
   -3.43  -34.83
    0.00  -35.00
    3.43  -34.83
    6.83  -34.33
   10.16  -33.49
   13.39  -32.34
   16.50  -30.87
   19.44  -29.10
   22.20  -27.06
   24.75  -24.75
   27.06  -22.20
   29.10  -19.45
   30.87  -16.50
   32.34  -13.39
   33.49  -10.16
   34.33   -6.83
   34.83   -3.43
   35.00    0.00
   35.33    3.48
   34.82    6.93
   33.97   10.31
   32.80   13.59
   31.31   16.73
   29.52   19.72
   27.44   22.52
   25.10   25.10
   22.52   27.44
   19.72   29.52
   16.73   31.31
   13.59   32.80
   10.31   33.97
    6.93   34.82
    3.48   35.33
    0.00   35.50
   -3.48   35.33
   -6.93   34.82
  -10.31   33.97
  -13.59   32.80
  -16.73   31.31
  -19.72   29.52
  -22.52   27.44
  -25.10   25.10
  -27.44   22.52
  -29.52   19.72
  -31.31   16.73
  -32.80   13.59
  -33.97   10.31
  -34.82    6.93
  -35.33    3.48
  -35.50    0.00
  -35.33   -3.48
  -34.82   -6.93
  -33.97  -10.31
  -32.80  -13.59
  -31.31  -16.73
  -29.52  -19.72
  -27.44  -22.52
  -25.10  -25.10
  -22.52  -27.44
  -19.72  -29.52
  -16.73  -31.31
  -13.59  -32.80
  -10.31  -33.97
   -6.93  -34.82
   -3.48  -35.33
    0.00  -35.50
    3.48  -35.33
    6.93  -34.82
   10.30  -33.97
   13.59  -32.80
   16.73  -31.31
   19.72  -29.52
   22.52  -27.44
   25.10  -25.10
   27.44  -22.52
   29.52  -19.72
   31.31  -16.73
   32.80  -13.59
   33.97  -10.31
   34.82   -6.93
   35.33   -3.48
   35.50    0.00
   35.83    3.53
   35.31    7.02
   34.45   10.45
   33.26   13.78
   31.75   16.97
   29.93   20.00
   27.83   22.84
   25.46   25.46
   22.84   27.83
   20.00   29.93
   16.97   31.75
   13.78   33.26
   10.45   34.45
    7.02   35.31
    3.53   35.83
    0.00   36.00
   -3.53   35.83
   -7.02   35.31
  -10.45   34.45
  -13.78   33.26
  -16.97   31.75
  -20.00   29.93
  -22.84   27.83
  -25.46   25.46
  -27.83   22.84
  -29.93   20.00
  -31.75   16.97
  -33.26   13.78
  -34.45   10.45
  -35.31    7.02
  -35.83    3.53
  -36.00    0.00
  -35.83   -3.53
  -35.31   -7.02
  -34.45  -10.45
  -33.26  -13.78
  -31.75  -16.97
  -29.93  -20.00
  -27.83  -22.84
  -25.46  -25.46
  -22.84  -27.83
  -20.00  -29.93
  -16.97  -31.75
  -13.78  -33.26
  -10.45  -34.45
   -7.02  -35.31
   -3.53  -35.83
    0.00  -36.00
    3.53  -35.83
    7.02  -35.31
   10.45  -34.45
   13.78  -33.26
   16.97  -31.75
   20.00  -29.93
   22.84  -27.83
   25.46  -25.46
   27.83  -22.84
   29.93  -20.00
   31.75  -16.97
   33.26  -13.78
   34.45  -10.45
   35.31   -7.02
   35.83   -3.53
   36.00    0.00
   36.32    3.58
   35.80    7.12
   34.93   10.60
   33.72   13.97
   32.19   17.21
   30.35   20.28
   28.21   23.16
   25.81   25.81
   23.16   28.21
   20.28   30.35
   17.21   32.19
   13.97   33.72
   10.60   34.93
    7.12   35.80
    3.58   36.32
    0.00   36.50
   -3.58   36.32
   -7.12   35.80
  -10.60   34.93
  -13.97   33.72
  -17.21   32.19
  -20.28   30.35
  -23.16   28.21
  -25.81   25.81
  -28.21   23.16
  -30.35   20.28
  -32.19   17.21
  -33.72   13.97
  -34.93   10.60
  -35.80    7.12
  -36.32    3.58
  -36.50    0.00
  -36.32   -3.58
  -35.80   -7.12
  -34.93  -10.60
  -33.72  -13.97
  -32.19  -17.21
  -30.35  -20.28
  -28.21  -23.16
  -25.81  -25.81
  -23.16  -28.21
  -20.28  -30.35
  -17.21  -32.19
  -13.97  -33.72
  -10.60  -34.93
   -7.12  -35.80
   -3.58  -36.32
    0.00  -36.50
    3.58  -36.32
    7.12  -35.80
   10.60  -34.93
   13.97  -33.72
   17.21  -32.19
   20.28  -30.35
   23.16  -28.21
   25.81  -25.81
   28.21  -23.16
   30.35  -20.28
   32.19  -17.21
   33.72  -13.97
   34.93  -10.60
   35.80   -7.12
   36.32   -3.58
   36.50    0.00
   36.82    3.63
   36.29    7.22
   35.41   10.74
   34.18   14.16
   32.63   17.44
   30.76   20.56
   28.60   23.47
   26.16   26.16
   23.47   28.60
   20.56   30.76
   17.44   32.63
   14.16   34.18
   10.74   35.41
    7.22   36.29
    3.63   36.82
    0.00   37.00
   -3.63   36.82
   -7.22   36.29
  -10.74   35.41
  -14.16   34.18
  -17.44   32.63
  -20.56   30.76
  -23.47   28.60
  -26.16   26.16
  -28.60   23.47
  -30.76   20.56
  -32.63   17.44
  -34.18   14.16
  -35.41   10.74
  -36.29    7.22
  -36.82    3.63
  -37.00    0.00
  -36.82   -3.63
  -36.29   -7.22
  -35.41  -10.74
  -34.18  -14.16
  -32.63  -17.44
  -30.76  -20.56
  -28.60  -23.47
  -26.16  -26.16
  -23.47  -28.60
  -20.56  -30.76
  -17.44  -32.63
  -14.16  -34.18
  -10.74  -35.41
   -7.22  -36.29
   -3.63  -36.82
    0.00  -37.00
    3.63  -36.82
    7.22  -36.29
   10.74  -35.41
   14.16  -34.18
   17.44  -32.63
   20.56  -30.76
   23.47  -28.60
   26.16  -26.16
   28.60  -23.47
   30.76  -20.56
   32.63  -17.44
   34.18  -14.16
   35.41  -10.74
   36.29   -7.22
   36.82   -3.63
   37.00    0.00
   37.32    3.68
   36.78    7.32
   35.89   10.89
   34.65   14.35
   33.07   17.68
   31.18   20.83
   28.99   23.79
   26.52   26.52
   23.79   28.99
   20.83   31.18
   17.68   33.07
   14.35   34.65
   10.89   35.89
    7.32   36.78
    3.68   37.32
    0.00   37.50
   -3.68   37.32
   -7.32   36.78
  -10.89   35.89
  -14.35   34.65
  -17.68   33.07
  -20.83   31.18
  -23.79   28.99
  -26.52   26.52
  -28.99   23.79
  -31.18   20.83
  -33.07   17.68
  -34.65   14.35
  -35.89   10.89
  -36.78    7.32
  -37.32    3.68
  -37.50    0.00
  -37.32   -3.68
  -36.78   -7.32
  -35.89  -10.89
  -34.65  -14.35
  -33.07  -17.68
  -31.18  -20.83
  -28.99  -23.79
  -26.52  -26.52
  -23.79  -28.99
  -20.83  -31.18
  -17.68  -33.07
  -14.35  -34.65
  -10.89  -35.89
   -7.32  -36.78
   -3.68  -37.32
    0.00  -37.50
    3.68  -37.32
    7.32  -36.78
   10.89  -35.89
   14.35  -34.65
   17.68  -33.07
   20.83  -31.18
   23.79  -28.99
   26.52  -26.52
   28.99  -23.79
   31.18  -20.83
   33.07  -17.68
   34.65  -14.35
   35.89  -10.89
   36.78   -7.32
   37.32   -3.68
   37.50    0.00
   37.82    3.72
   37.27    7.41
   36.36   11.03
   35.11   14.54
   33.51   17.91
   31.60   21.11
   29.37   24.11
   26.87   26.87
   24.11   29.37
   21.11   31.60
   17.91   33.51
   14.54   35.11
   11.03   36.36
    7.41   37.27
    3.72   37.82
    0.00   38.00
   -3.72   37.82
   -7.41   37.27
  -11.03   36.36
  -14.54   35.11
  -17.91   33.51
  -21.11   31.60
  -24.11   29.37
  -26.87   26.87
  -29.37   24.11
  -31.60   21.11
  -33.51   17.91
  -35.11   14.54
  -36.36   11.03
  -37.27    7.41
  -37.82    3.72
  -38.00    0.00
  -37.82   -3.72
  -37.27   -7.41
  -36.36  -11.03
  -35.11  -14.54
  -33.51  -17.91
  -31.60  -21.11
  -29.37  -24.11
  -26.87  -26.87
  -24.11  -29.37
  -21.11  -31.60
  -17.91  -33.51
  -14.54  -35.11
  -11.03  -36.36
   -7.41  -37.27
   -3.72  -37.82
    0.00  -38.00
    3.72  -37.82
    7.41  -37.27
   11.03  -36.36
   14.54  -35.11
   17.91  -33.51
   21.11  -31.60
   24.11  -29.37
   26.87  -26.87
   29.37  -24.11
   31.60  -21.11
   33.51  -17.91
   35.11  -14.54
   36.36  -11.03
   37.27   -7.41
   37.82   -3.72
   38.00    0.00
   38.31    3.77
   37.76    7.51
   36.84   11.18
   35.57   14.73
   33.95   18.15
   32.01   21.39
   29.76   24.42
   27.22   27.22
   24.42   29.76
   21.39   32.01
   18.15   33.95
   14.73   35.57
   11.18   36.84
    7.51   37.76
    3.77   38.31
    0.00   38.50
   -3.77   38.31
   -7.51   37.76
  -11.18   36.84
  -14.73   35.57
  -18.15   33.95
  -21.39   32.01
  -24.42   29.76
  -27.22   27.22
  -29.76   24.42
  -32.01   21.39
  -33.95   18.15
  -35.57   14.73
  -36.84   11.18
  -37.76    7.51
  -38.31    3.77
  -38.50    0.00
  -38.31   -3.77
  -37.76   -7.51
  -36.84  -11.18
  -35.57  -14.73
  -33.95  -18.15
  -32.01  -21.39
  -29.76  -24.42
  -27.22  -27.22
  -24.42  -29.76
  -21.39  -32.01
  -18.15  -33.95
  -14.73  -35.57
  -11.18  -36.84
   -7.51  -37.76
   -3.77  -38.31
    0.00  -38.50
    3.77  -38.31
    7.51  -37.76
   11.18  -36.84
   14.73  -35.57
   18.15  -33.95
   21.39  -32.01
   24.42  -29.76
   27.22  -27.22
   29.76  -24.42
   32.01  -21.39
   33.95  -18.15
   35.57  -14.73
   36.84  -11.18
   37.76   -7.51
   38.31   -3.77
   38.50    0.00
   38.81    3.82
   38.25    7.61
   37.32   11.32
   36.03   14.92
   34.39   18.38
   32.43   21.67
   30.15   24.74
   27.58   27.58
   24.74   30.15
   21.67   32.43
   18.38   34.39
   14.92   36.03
   11.32   37.32
    7.61   38.25
    3.82   38.81
    0.00   39.00
   -3.82   38.81
   -7.61   38.25
  -11.32   37.32
  -14.92   36.03
  -18.38   34.39
  -21.67   32.43
  -24.74   30.15
  -27.58   27.58
  -30.15   24.74
  -32.43   21.67
  -34.39   18.38
  -36.03   14.92
  -37.32   11.32
  -38.25    7.61
  -38.81    3.82
  -39.00    0.00
  -38.81   -3.82
  -38.25   -7.61
  -37.32  -11.32
  -36.03  -14.92
  -34.39  -18.38
  -32.43  -21.67
  -30.15  -24.74
  -27.58  -27.58
  -24.74  -30.15
  -21.67  -32.43
  -18.38  -34.39
  -14.92  -36.03
  -11.32  -37.32
   -7.61  -38.25
   -3.82  -38.81
    0.00  -39.00
    3.82  -38.81
    7.61  -38.25
   11.32  -37.32
   14.92  -36.03
   18.38  -34.40
   21.67  -32.43
   24.74  -30.15
   27.58  -27.58
   30.15  -24.74
   32.43  -21.67
   34.39  -18.38
   36.03  -14.92
   37.32  -11.32
   38.25   -7.61
   38.81   -3.82
   39.00    0.00
   39.31    3.87
   38.74    7.71
   37.80   11.47
   36.49   15.12
   34.84   18.62
   32.84   21.95
   30.53   25.06
   27.93   27.93
   25.06   30.53
   21.95   32.84
   18.62   34.84
   15.12   36.49
   11.47   37.80
    7.71   38.74
    3.87   39.31
    0.00   39.50
   -3.87   39.31
   -7.71   38.74
  -11.47   37.80
  -15.12   36.49
  -18.62   34.84
  -21.94   32.84
  -25.06   30.53
  -27.93   27.93
  -30.53   25.06
  -32.84   21.95
  -34.84   18.62
  -36.49   15.12
  -37.80   11.47
  -38.74    7.71
  -39.31    3.87
  -39.50    0.00
  -39.31   -3.87
  -38.74   -7.71
  -37.80  -11.47
  -36.49  -15.12
  -34.84  -18.62
  -32.84  -21.94
  -30.53  -25.06
  -27.93  -27.93
  -25.06  -30.53
  -21.95  -32.84
  -18.62  -34.84
  -15.12  -36.49
  -11.47  -37.80
   -7.71  -38.74
   -3.87  -39.31
    0.00  -39.50
    3.87  -39.31
    7.71  -38.74
   11.47  -37.80
   15.12  -36.49
   18.62  -34.84
   21.94  -32.84
   25.06  -30.53
   27.93  -27.93
   30.53  -25.06
   32.84  -21.95
   34.84  -18.62
   36.49  -15.12
   37.80  -11.47
   38.74   -7.71
   39.31   -3.87
   39.50    0.00
   39.81    3.92
   39.23    7.80
   38.28   11.61
   36.96   15.31
   35.28   18.86
   33.26   22.22
   30.92   25.38
   28.28   28.28
   25.38   30.92
   22.22   33.26
   18.86   35.28
   15.31   36.96
   11.61   38.28
    7.80   39.23
    3.92   39.81
    0.00   40.00
   -3.92   39.81
   -7.80   39.23
  -11.61   38.28
  -15.31   36.96
  -18.86   35.28
  -22.22   33.26
  -25.38   30.92
  -28.28   28.28
  -30.92   25.38
  -33.26   22.22
  -35.28   18.86
  -36.96   15.31
  -38.28   11.61
  -39.23    7.80
  -39.81    3.92
  -40.00    0.00
  -39.81   -3.92
  -39.23   -7.80
  -38.28  -11.61
  -36.96  -15.31
  -35.28  -18.86
  -33.26  -22.22
  -30.92  -25.38
  -28.28  -28.28
  -25.38  -30.92
  -22.22  -33.26
  -18.86  -35.28
  -15.31  -36.96
  -11.61  -38.28
   -7.80  -39.23
   -3.92  -39.81
    0.00  -40.00
    3.92  -39.81
    7.80  -39.23
   11.61  -38.28
   15.31  -36.96
   18.86  -35.28
   22.22  -33.26
   25.38  -30.92
   28.28  -28.28
   30.92  -25.38
   33.26  -22.22
   35.28  -18.86
   36.96  -15.31
   38.28  -11.61
   39.23   -7.80
   39.81   -3.92
   40.00    0.00
