   1.00   0.10  -1.57
   0.98   0.20  -1.57
   0.96   0.29  -1.58
   0.92   0.38  -1.58
   0.88   0.47  -1.59
   0.83   0.56  -1.60
   0.77   0.63  -1.61
   0.71   0.71  -1.63
   0.63   0.77  -1.64
   0.56   0.83  -1.66
   0.47   0.88  -1.67
   0.38   0.92  -1.69
   0.29   0.96  -1.71
   0.20   0.98  -1.73
   0.10   1.00  -1.75
   0.00   1.00  -1.77
  -0.10   1.00  -1.79
  -0.20   0.98  -1.82
  -0.29   0.96  -1.84
  -0.38   0.92  -1.86
  -0.47   0.88  -1.88
  -0.56   0.83  -1.89
  -0.63   0.77  -1.91
  -0.71   0.71  -1.93
  -0.77   0.63  -1.94
  -0.83   0.56  -1.96
  -0.88   0.47  -1.97
  -0.92   0.38  -1.97
  -0.96   0.29  -1.98
  -0.98   0.20  -1.99
  -1.00   0.10  -1.99
  -1.00   0.00  -1.99
  -1.00  -0.10  -1.99
  -0.98  -0.20  -1.98
  -0.96  -0.29  -1.98
  -0.92  -0.38  -1.97
  -0.88  -0.47  -1.96
  -0.83  -0.56  -1.95
  -0.77  -0.63  -1.93
  -0.71  -0.71  -1.92
  -0.63  -0.77  -1.90
  -0.56  -0.83  -1.88
  -0.47  -0.88  -1.87
  -0.38  -0.92  -1.85
  -0.29  -0.96  -1.83
  -0.20  -0.98  -1.81
  -0.10  -1.00  -1.79
   0.00  -1.00  -1.77
   0.10  -1.00  -1.75
   0.20  -0.98  -1.73
   0.29  -0.96  -1.71
   0.38  -0.92  -1.69
   0.47  -0.88  -1.67
   0.56  -0.83  -1.66
   0.63  -0.77  -1.64
   0.71  -0.71  -1.63
   0.77  -0.63  -1.62
   0.83  -0.56  -1.61
   0.88  -0.47  -1.60
   0.92  -0.38  -1.59
   0.96  -0.29  -1.58
   0.98  -0.20  -1.58
   1.00  -0.10  -1.57
   1.00   0.00  -1.57
   1.99   0.20  -1.13
   1.96   0.39  -1.13
   1.91   0.58  -1.14
   1.85   0.77  -1.15
   1.76   0.94  -1.16
   1.66   1.11  -1.18
   1.55   1.27  -1.21
   1.41   1.41  -1.24
   1.27   1.55  -1.28
   1.11   1.66  -1.32
   0.94   1.76  -1.37
   0.77   1.85  -1.42
   0.58   1.91  -1.47
   0.39   1.96  -1.53
   0.20   1.99  -1.60
   0.00   2.00  -1.66
  -0.20   1.99  -1.73
  -0.39   1.96  -1.80
  -0.58   1.91  -1.87
  -0.77   1.85  -1.93
  -0.94   1.76  -2.00
  -1.11   1.66  -2.06
  -1.27   1.55  -2.12
  -1.41   1.41  -2.17
  -1.55   1.27  -2.22
  -1.66   1.11  -2.27
  -1.76   0.94  -2.30
  -1.85   0.77  -2.33
  -1.91   0.58  -2.35
  -1.96   0.39  -2.37
  -1.99   0.20  -2.37
  -2.00   0.00  -2.37
  -1.99  -0.20  -2.36
  -1.96  -0.39  -2.34
  -1.91  -0.58  -2.32
  -1.85  -0.77  -2.29
  -1.76  -0.94  -2.25
  -1.66  -1.11  -2.21
  -1.55  -1.27  -2.17
  -1.41  -1.41  -2.12
  -1.27  -1.55  -2.07
  -1.11  -1.66  -2.02
  -0.94  -1.76  -1.96
  -0.77  -1.85  -1.90
  -0.58  -1.91  -1.85
  -0.39  -1.96  -1.79
  -0.20  -1.99  -1.74
   0.00  -2.00  -1.68
   0.20  -1.99  -1.63
   0.39  -1.96  -1.58
   0.58  -1.91  -1.52
   0.77  -1.85  -1.48
   0.94  -1.76  -1.43
   1.11  -1.66  -1.38
   1.27  -1.55  -1.34
   1.41  -1.41  -1.30
   1.55  -1.27  -1.27
   1.66  -1.11  -1.24
   1.76  -0.94  -1.21
   1.85  -0.77  -1.19
   1.91  -0.58  -1.17
   1.96  -0.39  -1.15
   1.99  -0.20  -1.14
   2.00   0.00  -1.13
   2.99   0.29  -0.68
   2.94   0.59  -0.67
   2.87   0.87  -0.67
   2.77   1.15  -0.67
   2.65   1.41  -0.68
   2.49   1.67  -0.70
   2.32   1.90  -0.73
   2.12   2.12  -0.77
   1.90   2.32  -0.81
   1.67   2.49  -0.87
   1.41   2.65  -0.94
   1.15   2.77  -1.01
   0.87   2.87  -1.10
   0.59   2.94  -1.19
   0.29   2.99  -1.29
   0.00   3.00  -1.40
  -0.29   2.99  -1.52
  -0.59   2.94  -1.64
  -0.87   2.87  -1.76
  -1.15   2.77  -1.88
  -1.41   2.65  -2.00
  -1.67   2.49  -2.12
  -1.90   2.32  -2.23
  -2.12   2.12  -2.33
  -2.32   1.90  -2.42
  -2.49   1.67  -2.50
  -2.65   1.41  -2.57
  -2.77   1.15  -2.62
  -2.87   0.87  -2.66
  -2.94   0.59  -2.68
  -2.99   0.29  -2.69
  -3.00   0.00  -2.68
  -2.99  -0.29  -2.66
  -2.94  -0.59  -2.63
  -2.87  -0.87  -2.59
  -2.77  -1.15  -2.53
  -2.65  -1.41  -2.47
  -2.49  -1.67  -2.40
  -2.32  -1.90  -2.32
  -2.12  -2.12  -2.24
  -1.90  -2.32  -2.16
  -1.67  -2.49  -2.07
  -1.41  -2.65  -1.98
  -1.15  -2.77  -1.89
  -0.87  -2.87  -1.81
  -0.59  -2.94  -1.72
  -0.29  -2.99  -1.64
   0.00  -3.00  -1.55
   0.29  -2.99  -1.47
   0.59  -2.94  -1.40
   0.87  -2.87  -1.32
   1.15  -2.77  -1.25
   1.41  -2.65  -1.18
   1.67  -2.49  -1.11
   1.90  -2.32  -1.05
   2.12  -2.12  -1.00
   2.32  -1.90  -0.94
   2.49  -1.67  -0.89
   2.65  -1.41  -0.85
   2.77  -1.15  -0.81
   2.87  -0.87  -0.77
   2.94  -0.59  -0.74
   2.99  -0.29  -0.71
   3.00   0.00  -0.69
   3.98   0.39  -0.23
   3.92   0.78  -0.20
   3.83   1.16  -0.17
   3.70   1.53  -0.16
   3.53   1.89  -0.15
   3.33   2.22  -0.16
   3.09   2.54  -0.17
   2.83   2.83  -0.20
   2.54   3.09  -0.24
   2.22   3.33  -0.30
   1.89   3.53  -0.37
   1.53   3.70  -0.46
   1.16   3.83  -0.56
   0.78   3.92  -0.69
   0.39   3.98  -0.82
   0.00   4.00  -0.97
  -0.39   3.98  -1.14
  -0.78   3.92  -1.31
  -1.16   3.83  -1.49
  -1.53   3.70  -1.67
  -1.89   3.53  -1.85
  -2.22   3.33  -2.03
  -2.54   3.09  -2.20
  -2.83   2.83  -2.36
  -3.09   2.54  -2.51
  -3.33   2.22  -2.63
  -3.53   1.89  -2.73
  -3.70   1.53  -2.82
  -3.83   1.16  -2.88
  -3.92   0.78  -2.91
  -3.98   0.39  -2.93
  -4.00   0.00  -2.92
  -3.98  -0.39  -2.89
  -3.92  -0.78  -2.84
  -3.83  -1.16  -2.78
  -3.70  -1.53  -2.70
  -3.53  -1.89  -2.61
  -3.33  -2.22  -2.51
  -3.09  -2.54  -2.40
  -2.83  -2.83  -2.30
  -2.54  -3.09  -2.18
  -2.22  -3.33  -2.07
  -1.89  -3.53  -1.96
  -1.53  -3.70  -1.85
  -1.16  -3.83  -1.74
  -0.78  -3.92  -1.64
  -0.39  -3.98  -1.53
   0.00  -4.00  -1.43
   0.39  -3.98  -1.34
   0.78  -3.92  -1.24
   1.16  -3.83  -1.15
   1.53  -3.70  -1.06
   1.89  -3.53  -0.97
   2.22  -3.33  -0.89
   2.54  -3.09  -0.81
   2.83  -2.83  -0.73
   3.09  -2.54  -0.66
   3.33  -2.22  -0.59
   3.53  -1.89  -0.52
   3.70  -1.53  -0.46
   3.83  -1.16  -0.40
   3.92  -0.78  -0.35
   3.98  -0.39  -0.30
   4.00   0.00  -0.26
   4.98   0.49   0.22
   4.90   0.98   0.28
   4.78   1.45   0.33
   4.62   1.91   0.38
   4.41   2.36   0.42
   4.16   2.78   0.44
   3.87   3.17   0.45
   3.54   3.54   0.45
   3.17   3.87   0.43
   2.78   4.16   0.38
   2.36   4.41   0.32
   1.91   4.62   0.23
   1.45   4.78   0.11
   0.98   4.90  -0.03
   0.49   4.98  -0.19
   0.00   5.00  -0.38
  -0.49   4.98  -0.58
  -0.98   4.90  -0.81
  -1.45   4.78  -1.04
  -1.91   4.62  -1.29
  -2.36   4.41  -1.54
  -2.78   4.16  -1.78
  -3.17   3.87  -2.02
  -3.54   3.54  -2.24
  -3.87   3.17  -2.45
  -4.16   2.78  -2.63
  -4.41   2.36  -2.77
  -4.62   1.91  -2.89
  -4.78   1.45  -2.98
  -4.90   0.98  -3.03
  -4.98   0.49  -3.05
  -5.00   0.00  -3.05
  -4.98  -0.49  -3.01
  -4.90  -0.98  -2.95
  -4.78  -1.45  -2.87
  -4.62  -1.91  -2.77
  -4.41  -2.36  -2.66
  -4.16  -2.78  -2.54
  -3.87  -3.17  -2.42
  -3.54  -3.54  -2.29
  -3.17  -3.87  -2.17
  -2.78  -4.16  -2.04
  -2.36  -4.41  -1.92
  -1.91  -4.62  -1.80
  -1.45  -4.78  -1.69
  -0.98  -4.90  -1.57
  -0.49  -4.98  -1.46
   0.00  -5.00  -1.35
   0.49  -4.98  -1.25
   0.98  -4.90  -1.14
   1.45  -4.78  -1.04
   1.91  -4.62  -0.94
   2.36  -4.41  -0.83
   2.78  -4.16  -0.73
   3.17  -3.87  -0.63
   3.54  -3.54  -0.53
   3.87  -3.17  -0.44
   4.16  -2.78  -0.34
   4.41  -2.36  -0.25
   4.62  -1.91  -0.16
   4.78  -1.45  -0.08
   4.90  -0.98   0.00
   4.98  -0.49   0.08
   5.00   0.00   0.15
   5.97   0.59   0.65
   5.88   1.17   0.75
   5.74   1.74   0.85
   5.54   2.30   0.94
   5.29   2.83   1.02
   4.99   3.33   1.08
   4.64   3.81   1.13
   4.24   4.24   1.16
   3.81   4.64   1.17
   3.33   4.99   1.15
   2.83   5.29   1.11
   2.30   5.54   1.03
   1.74   5.74   0.92
   1.17   5.88   0.77
   0.59   5.97   0.59
   0.00   6.00   0.38
  -0.59   5.97   0.13
  -1.17   5.88  -0.14
  -1.74   5.74  -0.43
  -2.30   5.54  -0.74
  -2.83   5.29  -1.06
  -3.33   4.99  -1.37
  -3.81   4.64  -1.68
  -4.24   4.24  -1.97
  -4.64   3.81  -2.24
  -4.99   3.33  -2.47
  -5.29   2.83  -2.67
  -5.54   2.30  -2.83
  -5.74   1.74  -2.95
  -5.88   1.17  -3.03
  -5.97   0.59  -3.06
  -6.00   0.00  -3.06
  -5.97  -0.59  -3.02
  -5.88  -1.17  -2.95
  -5.74  -1.74  -2.86
  -5.54  -2.30  -2.76
  -5.29  -2.83  -2.64
  -4.99  -3.33  -2.51
  -4.64  -3.81  -2.38
  -4.24  -4.24  -2.25
  -3.81  -4.64  -2.13
  -3.33  -4.99  -2.00
  -2.83  -5.29  -1.88
  -2.30  -5.54  -1.77
  -1.74  -5.74  -1.66
  -1.17  -5.88  -1.55
  -0.59  -5.97  -1.44
   0.00  -6.00  -1.34
   0.59  -5.97  -1.23
   1.17  -5.88  -1.12
   1.74  -5.74  -1.01
   2.30  -5.54  -0.89
   2.83  -5.29  -0.78
   3.33  -4.99  -0.66
   3.81  -4.64  -0.54
   4.24  -4.24  -0.41
   4.64  -3.81  -0.29
   4.99  -3.33  -0.17
   5.29  -2.83  -0.04
   5.54  -2.30   0.08
   5.74  -1.74   0.20
   5.88  -1.17   0.32
   5.97  -0.59   0.43
   6.00   0.00   0.55
   6.97   0.69   1.09
   6.87   1.37   1.24
   6.70   2.03   1.38
   6.47   2.68   1.52
   6.17   3.30   1.65
   5.82   3.89   1.76
   5.41   4.44   1.86
   4.95   4.95   1.93
   4.44   5.41   1.98
   3.89   5.82   1.99
   3.30   6.17   1.98
   2.68   6.47   1.92
   2.03   6.70   1.82
   1.37   6.87   1.67
   0.69   6.97   1.49
   0.00   7.00   1.25
  -0.69   6.97   0.97
  -1.37   6.87   0.66
  -2.03   6.70   0.32
  -2.68   6.47  -0.05
  -3.30   6.17  -0.43
  -3.89   5.82  -0.81
  -4.44   5.41  -1.19
  -4.95   4.95  -1.55
  -5.41   4.44  -1.88
  -5.82   3.89  -2.17
  -6.17   3.30  -2.42
  -6.47   2.68  -2.63
  -6.70   2.03  -2.78
  -6.87   1.37  -2.88
  -6.97   0.69  -2.94
  -7.00   0.00  -2.95
  -6.97  -0.69  -2.92
  -6.87  -1.37  -2.85
  -6.70  -2.03  -2.76
  -6.47  -2.68  -2.66
  -6.17  -3.30  -2.54
  -5.82  -3.89  -2.42
  -5.41  -4.44  -2.30
  -4.95  -4.95  -2.18
  -4.44  -5.41  -2.07
  -3.89  -5.82  -1.97
  -3.30  -6.17  -1.86
  -2.68  -6.47  -1.77
  -2.03  -6.70  -1.68
  -1.37  -6.87  -1.58
  -0.69  -6.97  -1.49
   0.00  -7.00  -1.39
   0.69  -6.97  -1.29
   1.37  -6.87  -1.18
   2.03  -6.70  -1.07
   2.68  -6.47  -0.94
   3.30  -6.17  -0.81
   3.89  -5.82  -0.67
   4.44  -5.41  -0.52
   4.95  -4.95  -0.37
   5.41  -4.44  -0.21
   5.82  -3.89  -0.05
   6.17  -3.30   0.12
   6.47  -2.68   0.28
   6.70  -2.03   0.44
   6.87  -1.37   0.61
   6.97  -0.69   0.77
   7.00   0.00   0.93
   7.96   0.78   1.52
   7.85   1.56   1.73
   7.66   2.32   1.93
   7.39   3.06   2.13
   7.06   3.77   2.31
   6.65   4.44   2.47
   6.18   5.08   2.62
   5.66   5.66   2.74
   5.08   6.18   2.83
   4.44   6.65   2.88
   3.77   7.06   2.89
   3.06   7.39   2.86
   2.32   7.66   2.77
   1.56   7.85   2.64
   0.78   7.96   2.44
   0.00   8.00   2.20
  -0.78   7.96   1.90
  -1.56   7.85   1.55
  -2.32   7.66   1.16
  -3.06   7.39   0.75
  -3.77   7.06   0.31
  -4.44   6.65  -0.13
  -5.08   6.18  -0.57
  -5.66   5.66  -1.00
  -6.18   5.08  -1.39
  -6.65   4.44  -1.74
  -7.06   3.77  -2.05
  -7.39   3.06  -2.29
  -7.66   2.32  -2.48
  -7.85   1.56  -2.62
  -7.96   0.78  -2.69
  -8.00   0.00  -2.72
  -7.96  -0.78  -2.70
  -7.85  -1.56  -2.65
  -7.66  -2.32  -2.58
  -7.39  -3.06  -2.49
  -7.06  -3.77  -2.39
  -6.65  -4.44  -2.28
  -6.18  -5.08  -2.19
  -5.66  -5.66  -2.10
  -5.08  -6.18  -2.01
  -4.44  -6.65  -1.94
  -3.77  -7.06  -1.87
  -3.06  -7.39  -1.80
  -2.32  -7.66  -1.74
  -1.56  -7.85  -1.67
  -0.78  -7.96  -1.60
   0.00  -8.00  -1.52
   0.78  -7.96  -1.43
   1.56  -7.85  -1.32
   2.32  -7.66  -1.20
   3.06  -7.39  -1.07
   3.77  -7.06  -0.92
   4.44  -6.65  -0.75
   5.08  -6.18  -0.57
   5.66  -5.66  -0.39
   6.18  -5.08  -0.19
   6.65  -4.44   0.01
   7.06  -3.77   0.22
   7.39  -3.06   0.44
   7.66  -2.32   0.66
   7.85  -1.56   0.88
   7.96  -0.78   1.10
   8.00   0.00   1.32
   8.96   0.88   1.98
   8.83   1.76   2.24
   8.61   2.61   2.50
   8.31   3.44   2.75
   7.94   4.24   2.99
   7.48   5.00   3.21
   6.96   5.71   3.40
   6.36   6.36   3.57
   5.71   6.96   3.69
   5.00   7.48   3.78
   4.24   7.94   3.82
   3.44   8.31   3.81
   2.61   8.61   3.74
   1.76   8.83   3.61
   0.88   8.96   3.42
   0.00   9.00   3.16
  -0.88   8.96   2.85
  -1.76   8.83   2.47
  -2.61   8.61   2.06
  -3.44   8.31   1.60
  -4.24   7.94   1.11
  -5.00   7.48   0.62
  -5.71   6.96   0.12
  -6.36   6.36  -0.35
  -6.96   5.71  -0.79
  -7.48   5.00  -1.20
  -7.94   4.24  -1.55
  -8.31   3.44  -1.84
  -8.61   2.61  -2.07
  -8.83   1.76  -2.23
  -8.96   0.88  -2.34
  -9.00   0.00  -2.39
  -8.96  -0.88  -2.39
  -8.83  -1.76  -2.37
  -8.61  -2.61  -2.31
  -8.31  -3.44  -2.25
  -7.94  -4.24  -2.18
  -7.48  -5.00  -2.11
  -6.96  -5.71  -2.05
  -6.36  -6.36  -2.00
  -5.71  -6.96  -1.95
  -5.00  -7.48  -1.92
  -4.24  -7.94  -1.89
  -3.44  -8.31  -1.87
  -2.61  -8.61  -1.84
  -1.76  -8.83  -1.80
  -0.88  -8.96  -1.76
   0.00  -9.00  -1.70
   0.88  -8.96  -1.62
   1.76  -8.83  -1.52
   2.61  -8.61  -1.39
   3.44  -8.31  -1.25
   4.24  -7.94  -1.08
   5.00  -7.48  -0.89
   5.71  -6.96  -0.69
   6.36  -6.36  -0.46
   6.96  -5.71  -0.22
   7.48  -5.00   0.03
   7.94  -4.24   0.30
   8.31  -3.44   0.57
   8.61  -2.61   0.86
   8.83  -1.76   1.14
   8.96  -0.88   1.43
   9.00   0.00   1.71
   9.95   0.98   2.45
   9.81   1.95   2.78
   9.57   2.90   3.10
   9.24   3.83   3.41
   8.82   4.71   3.69
   8.31   5.56   3.96
   7.73   6.34   4.20
   7.07   7.07   4.39
   6.34   7.73   4.55
   5.56   8.31   4.66
   4.71   8.82   4.72
   3.83   9.24   4.73
   2.90   9.57   4.67
   1.95   9.81   4.54
   0.98   9.95   4.35
   0.00  10.00   4.09
  -0.98   9.95   3.76
  -1.95   9.81   3.36
  -2.90   9.57   2.92
  -3.83   9.24   2.44
  -4.71   8.82   1.92
  -5.56   8.31   1.39
  -6.34   7.73   0.86
  -7.07   7.07   0.35
  -7.73   6.34  -0.14
  -8.31   5.56  -0.58
  -8.82   4.71  -0.97
  -9.24   3.83  -1.30
  -9.57   2.90  -1.56
  -9.81   1.95  -1.76
  -9.95   0.98  -1.89
 -10.00   0.00  -1.97
  -9.95  -0.98  -2.01
  -9.81  -1.95  -2.01
  -9.57  -2.90  -1.99
  -9.24  -3.83  -1.96
  -8.82  -4.71  -1.93
  -8.31  -5.56  -1.90
  -7.73  -6.34  -1.89
  -7.07  -7.07  -1.88
  -6.34  -7.73  -1.89
  -5.56  -8.31  -1.90
  -4.71  -8.82  -1.92
  -3.83  -9.24  -1.94
  -2.90  -9.57  -1.95
  -1.95  -9.81  -1.96
  -0.98  -9.95  -1.95
   0.00 -10.00  -1.91
   0.98  -9.95  -1.84
   1.95  -9.81  -1.75
   2.90  -9.57  -1.62
   3.83  -9.24  -1.47
   4.71  -8.82  -1.29
   5.56  -8.31  -1.07
   6.34  -7.73  -0.83
   7.07  -7.07  -0.57
   7.73  -6.34  -0.28
   8.31  -5.56   0.03
   8.82  -4.71   0.36
   9.24  -3.83   0.70
   9.57  -2.90   1.05
   9.81  -1.95   1.40
   9.95  -0.98   1.76
  10.00   0.00   2.11
  10.95   1.08   2.95
  10.79   2.15   3.34
  10.53   3.19   3.72
  10.16   4.21   4.08
   9.70   5.19   4.41
   9.15   6.11   4.72
   8.50   6.98   4.98
   7.78   7.78   5.20
   6.98   8.50   5.37
   6.11   9.15   5.50
   5.19   9.70   5.56
   4.21  10.16   5.57
   3.19  10.53   5.51
   2.15  10.79   5.38
   1.08  10.95   5.18
   0.00  11.00   4.90
  -1.08  10.95   4.57
  -2.15  10.79   4.17
  -3.19  10.53   3.72
  -4.21  10.16   3.21
  -5.19   9.70   2.68
  -6.11   9.15   2.13
  -6.98   8.50   1.58
  -7.78   7.78   1.04
  -8.50   6.98   0.54
  -9.15   6.11   0.07
  -9.70   5.19  -0.35
 -10.16   4.21  -0.70
 -10.53   3.19  -0.99
 -10.79   2.15  -1.23
 -10.95   1.08  -1.39
 -11.00   0.00  -1.51
 -10.95  -1.08  -1.58
 -10.79  -2.15  -1.61
 -10.53  -3.19  -1.63
 -10.16  -4.21  -1.65
  -9.70  -5.19  -1.66
  -9.15  -6.11  -1.69
  -8.50  -6.98  -1.72
  -7.78  -7.78  -1.76
  -6.98  -8.50  -1.82
  -6.11  -9.15  -1.88
  -5.19  -9.70  -1.95
  -4.21 -10.16  -2.01
  -3.19 -10.53  -2.06
  -2.15 -10.79  -2.10
  -1.08 -10.95  -2.12
   0.00 -11.00  -2.10
   1.08 -10.95  -2.05
   2.15 -10.79  -1.97
   3.19 -10.53  -1.85
   4.21 -10.16  -1.69
   5.19  -9.70  -1.49
   6.11  -9.15  -1.25
   6.98  -8.50  -0.98
   7.78  -7.78  -0.67
   8.50  -6.98  -0.34
   9.15  -6.11   0.03
   9.70  -5.19   0.41
  10.16  -4.21   0.83
  10.53  -3.19   1.25
  10.79  -2.15   1.68
  10.95  -1.08   2.11
  11.00   0.00   2.53
  11.94   1.18   3.45
  11.77   2.34   3.91
  11.48   3.48   4.34
  11.09   4.59   4.75
  10.58   5.66   5.12
   9.98   6.67   5.46
   9.28   7.61   5.74
   8.49   8.49   5.97
   7.61   9.28   6.14
   6.67   9.98   6.26
   5.66  10.58   6.31
   4.59  11.09   6.30
   3.48  11.48   6.22
   2.34  11.77   6.07
   1.18  11.94   5.86
   0.00  12.00   5.57
  -1.18  11.94   5.23
  -2.34  11.77   4.83
  -3.48  11.48   4.38
  -4.59  11.09   3.87
  -5.66  10.58   3.34
  -6.67   9.98   2.79
  -7.61   9.28   2.23
  -8.49   8.49   1.69
  -9.28   7.61   1.18
  -9.98   6.67   0.70
 -10.58   5.66   0.27
 -11.09   4.59  -0.10
 -11.48   3.48  -0.41
 -11.77   2.34  -0.66
 -11.94   1.18  -0.86
 -12.00   0.00  -1.00
 -11.94  -1.18  -1.12
 -11.77  -2.34  -1.19
 -11.48  -3.48  -1.26
 -11.09  -4.59  -1.32
 -10.58  -5.66  -1.39
  -9.98  -6.67  -1.46
  -9.28  -7.61  -1.53
  -8.49  -8.49  -1.63
  -7.61  -9.28  -1.73
  -6.67  -9.98  -1.84
  -5.66 -10.58  -1.95
  -4.59 -11.09  -2.05
  -3.48 -11.48  -2.13
  -2.34 -11.77  -2.20
  -1.18 -11.94  -2.24
   0.00 -12.00  -2.24
   1.18 -11.94  -2.22
   2.34 -11.77  -2.15
   3.48 -11.48  -2.03
   4.59 -11.09  -1.86
   5.66 -10.58  -1.65
   6.67  -9.98  -1.40
   7.61  -9.28  -1.10
   8.49  -8.49  -0.75
   9.28  -7.61  -0.38
   9.98  -6.67   0.04
  10.58  -5.66   0.49
  11.09  -4.59   0.96
  11.48  -3.48   1.44
  11.77  -2.34   1.95
  11.94  -1.18   2.46
  12.00   0.00   2.96
  12.94   1.27   3.95
  12.75   2.54   4.47
  12.44   3.77   4.97
  12.01   4.97   5.41
  11.46   6.13   5.81
  10.81   7.22   6.17
  10.05   8.25   6.45
   9.19   9.19   6.67
   8.25  10.05   6.83
   7.22  10.81   6.92
   6.13  11.46   6.93
   4.97  12.01   6.88
   3.77  12.44   6.77
   2.54  12.75   6.59
   1.27  12.94   6.35
   0.00  13.00   6.05
  -1.27  12.94   5.70
  -2.54  12.75   5.31
  -3.77  12.44   4.86
  -4.97  12.01   4.36
  -6.13  11.46   3.84
  -7.22  10.81   3.31
  -8.25  10.05   2.77
  -9.19   9.19   2.25
 -10.05   8.25   1.75
 -10.81   7.22   1.28
 -11.46   6.13   0.85
 -12.01   4.97   0.48
 -12.44   3.77   0.15
 -12.75   2.54  -0.12
 -12.94   1.27  -0.34
 -13.00   0.00  -0.51
 -12.94  -1.27  -0.66
 -12.75  -2.54  -0.78
 -12.44  -3.77  -0.89
 -12.01  -4.97  -1.00
 -11.46  -6.13  -1.11
 -10.81  -7.22  -1.22
 -10.05  -8.25  -1.35
  -9.19  -9.19  -1.48
  -8.25 -10.05  -1.62
  -7.22 -10.81  -1.76
  -6.13 -11.46  -1.90
  -4.97 -12.01  -2.03
  -3.77 -12.44  -2.14
  -2.54 -12.75  -2.23
  -1.27 -12.94  -2.29
   0.00 -13.00  -2.31
   1.27 -12.94  -2.30
   2.54 -12.75  -2.24
   3.77 -12.44  -2.13
   4.97 -12.01  -1.97
   6.13 -11.47  -1.75
   7.22 -10.81  -1.49
   8.25 -10.05  -1.16
   9.19  -9.19  -0.80
  10.05  -8.25  -0.38
  10.81  -7.22   0.09
  11.46  -6.13   0.59
  12.01  -4.97   1.11
  12.44  -3.77   1.66
  12.75  -2.54   2.24
  12.94  -1.27   2.83
  13.00   0.00   3.39
  13.93   1.37   4.43
  13.73   2.73   5.00
  13.40   4.06   5.55
  12.93   5.36   6.03
  12.35   6.60   6.45
  11.64   7.78   6.82
  10.82   8.88   7.10
   9.90   9.90   7.29
   8.88  10.82   7.42
   7.78  11.64   7.45
   6.60  12.35   7.41
   5.36  12.93   7.30
   4.06  13.40   7.13
   2.73  13.73   6.90
   1.37  13.93   6.63
   0.00  14.00   6.31
  -1.37  13.93   5.96
  -2.73  13.73   5.57
  -4.06  13.40   5.14
  -5.36  12.93   4.67
  -6.60  12.35   4.18
  -7.78  11.64   3.67
  -8.88  10.82   3.17
  -9.90   9.90   2.69
 -10.82   8.88   2.22
 -11.64   7.78   1.77
 -12.35   6.60   1.37
 -12.93   5.36   1.00
 -13.40   4.06   0.67
 -13.73   2.73   0.39
 -13.93   1.37   0.15
 -14.00   0.00  -0.06
 -13.93  -1.37  -0.23
 -13.73  -2.73  -0.39
 -13.40  -4.06  -0.53
 -12.93  -5.36  -0.68
 -12.35  -6.60  -0.84
 -11.64  -7.78  -0.99
 -10.82  -8.88  -1.15
  -9.90  -9.90  -1.31
  -8.88 -10.82  -1.48
  -7.78 -11.64  -1.65
  -6.60 -12.35  -1.81
  -5.36 -12.93  -1.96
  -4.06 -13.40  -2.08
  -2.73 -13.73  -2.17
  -1.37 -13.93  -2.24
   0.00 -14.00  -2.28
   1.37 -13.93  -2.28
   2.73 -13.73  -2.24
   4.06 -13.40  -2.15
   5.36 -12.93  -1.99
   6.60 -12.35  -1.78
   7.78 -11.64  -1.50
   8.88 -10.82  -1.16
   9.90  -9.90  -0.76
  10.82  -8.88  -0.32
  11.64  -7.78   0.18
  12.35  -6.60   0.72
  12.93  -5.36   1.29
  13.40  -4.06   1.90
  13.73  -2.73   2.54
  13.93  -1.37   3.19
  14.00   0.00   3.82
  14.93   1.47   4.86
  14.71   2.93   5.48
  14.35   4.35   6.07
  13.86   5.74   6.58
  13.23   7.07   7.02
  12.47   8.33   7.39
  11.60   9.52   7.64
  10.61  10.61   7.81
   9.52  11.60   7.88
   8.33  12.47   7.85
   7.07  13.23   7.72
   5.74  13.86   7.54
   4.35  14.35   7.31
   2.93  14.71   7.03
   1.47  14.93   6.72
   0.00  15.00   6.37
  -1.47  14.93   6.00
  -2.93  14.71   5.61
  -4.35  14.35   5.21
  -5.74  13.86   4.78
  -7.07  13.23   4.32
  -8.33  12.47   3.87
  -9.52  11.60   3.42
 -10.61  10.61   2.99
 -11.60   9.52   2.56
 -12.47   8.33   2.16
 -13.23   7.07   1.78
 -13.86   5.74   1.43
 -14.35   4.35   1.11
 -14.71   2.93   0.83
 -14.93   1.47   0.58
 -15.00   0.00   0.35
 -14.93  -1.47   0.15
 -14.71  -2.93  -0.03
 -14.35  -4.35  -0.21
 -13.86  -5.74  -0.39
 -13.23  -7.07  -0.57
 -12.47  -8.33  -0.76
 -11.60  -9.52  -0.95
 -10.61 -10.61  -1.13
  -9.52 -11.60  -1.31
  -8.33 -12.47  -1.49
  -7.07 -13.23  -1.66
  -5.74 -13.86  -1.81
  -4.35 -14.35  -1.92
  -2.93 -14.71  -2.02
  -1.47 -14.93  -2.09
   0.00 -15.00  -2.14
   1.47 -14.93  -2.16
   2.93 -14.71  -2.13
   4.35 -14.35  -2.06
   5.74 -13.86  -1.92
   7.07 -13.23  -1.70
   8.33 -12.47  -1.42
   9.52 -11.60  -1.07
  10.61 -10.61  -0.66
  11.60  -9.52  -0.19
  12.47  -8.33   0.33
  13.23  -7.07   0.90
  13.86  -5.74   1.50
  14.35  -4.35   2.15
  14.71  -2.93   2.82
  14.93  -1.47   3.52
  15.00   0.00   4.20
  15.92   1.57   5.20
  15.69   3.12   5.87
  15.31   4.64   6.48
  14.78   6.12   7.03
  14.11   7.54   7.49
  13.30   8.89   7.83
  12.37  10.15   8.06
  11.31  11.31   8.18
  10.15  12.37   8.19
   8.89  13.30   8.09
   7.54  14.11   7.88
   6.12  14.78   7.63
   4.64  15.31   7.34
   3.12  15.69   7.00
   1.57  15.92   6.64
   0.00  16.00   6.26
  -1.57  15.92   5.87
  -3.12  15.69   5.49
  -4.64  15.31   5.11
  -6.12  14.78   4.71
  -7.54  14.11   4.31
  -8.89  13.30   3.92
 -10.15  12.37   3.53
 -11.31  11.31   3.15
 -12.37  10.15   2.78
 -13.30   8.89   2.42
 -14.11   7.54   2.08
 -14.78   6.12   1.77
 -15.31   4.64   1.47
 -15.69   3.12   1.19
 -15.92   1.57   0.93
 -16.00   0.00   0.70
 -15.92  -1.57   0.48
 -15.69  -3.12   0.28
 -15.31  -4.64   0.08
 -14.78  -6.12  -0.12
 -14.11  -7.54  -0.33
 -13.30  -8.89  -0.54
 -12.37 -10.15  -0.74
 -11.31 -11.31  -0.92
 -10.15 -12.37  -1.11
  -8.89 -13.30  -1.29
  -7.54 -14.11  -1.45
  -6.12 -14.78  -1.59
  -4.64 -15.31  -1.70
  -3.12 -15.69  -1.79
  -1.57 -15.92  -1.86
   0.00 -16.00  -1.91
   1.57 -15.92  -1.94
   3.12 -15.69  -1.93
   4.64 -15.31  -1.88
   6.12 -14.78  -1.76
   7.54 -14.11  -1.55
   8.89 -13.30  -1.26
  10.15 -12.37  -0.90
  11.31 -11.31  -0.47
  12.37 -10.15   0.03
  13.30  -8.89   0.56
  14.11  -7.54   1.14
  14.78  -6.12   1.74
  15.31  -4.64   2.39
  15.69  -3.12   3.08
  15.92  -1.57   3.80
  16.00   0.00   4.51
  16.92   1.67   5.45
  16.67   3.32   6.15
  16.27   4.93   6.78
  15.71   6.51   7.33
  14.99   8.01   7.79
  14.13   9.44   8.11
  13.14  10.78   8.31
  12.02  12.02   8.40
  10.78  13.14   8.34
   9.44  14.13   8.17
   8.01  14.99   7.91
   6.51  15.71   7.60
   4.93  16.27   7.26
   3.32  16.67   6.87
   1.67  16.92   6.46
   0.00  17.00   6.04
  -1.67  16.92   5.64
  -3.32  16.67   5.26
  -4.93  16.27   4.89
  -6.51  15.71   4.52
  -8.01  14.99   4.16
  -9.44  14.13   3.82
 -10.78  13.14   3.49
 -12.02  12.02   3.18
 -13.14  10.78   2.86
 -14.13   9.44   2.56
 -14.99   8.01   2.27
 -15.71   6.51   2.00
 -16.27   4.93   1.72
 -16.67   3.32   1.46
 -16.92   1.67   1.21
 -17.00   0.00   0.98
 -16.92  -1.67   0.75
 -16.67  -3.32   0.54
 -16.27  -4.93   0.33
 -15.71  -6.51   0.11
 -14.99  -8.01  -0.10
 -14.14  -9.44  -0.32
 -13.14 -10.78  -0.51
 -12.02 -12.02  -0.71
 -10.78 -13.14  -0.89
  -9.44 -14.13  -1.06
  -8.01 -14.99  -1.20
  -6.51 -15.71  -1.33
  -4.93 -16.27  -1.42
  -3.32 -16.67  -1.50
  -1.67 -16.92  -1.56
   0.00 -17.00  -1.61
   1.67 -16.92  -1.65
   3.32 -16.67  -1.66
   4.93 -16.27  -1.63
   6.51 -15.71  -1.53
   8.01 -14.99  -1.34
   9.44 -14.14  -1.06
  10.78 -13.14  -0.67
  12.02 -12.02  -0.21
  13.14 -10.78   0.32
  14.13  -9.44   0.86
  14.99  -8.01   1.42
  15.71  -6.51   2.00
  16.27  -4.93   2.62
  16.67  -3.32   3.30
  16.92  -1.67   4.02
  17.00   0.00   4.74
  17.91   1.76   5.60
  17.65   3.51   6.31
  17.22   5.23   6.94
  16.63   6.89   7.47
  15.87   8.49   7.89
  14.97  10.00   8.19
  13.91  11.42   8.37
  12.73  12.73   8.46
  11.42  13.91   8.36
  10.00  14.97   8.15
   8.49  15.87   7.84
   6.89  16.63   7.50
   5.23  17.22   7.11
   3.51  17.65   6.68
   1.76  17.91   6.24
   0.00  18.00   5.79
  -1.76  17.91   5.36
  -3.51  17.65   4.97
  -5.23  17.22   4.60
  -6.89  16.63   4.25
  -8.49  15.87   3.93
 -10.00  14.97   3.63
 -11.42  13.91   3.35
 -12.73  12.73   3.10
 -13.91  11.42   2.84
 -14.97  10.00   2.60
 -15.87   8.49   2.36
 -16.63   6.89   2.13
 -17.22   5.23   1.88
 -17.65   3.51   1.65
 -17.91   1.76   1.41
 -18.00   0.00   1.19
 -17.91  -1.76   0.97
 -17.65  -3.51   0.75
 -17.22  -5.23   0.53
 -16.63  -6.89   0.32
 -15.87  -8.49   0.11
 -14.97 -10.00  -0.11
 -13.91 -11.42  -0.29
 -12.73 -12.73  -0.48
 -11.42 -13.91  -0.65
 -10.00 -14.97  -0.80
  -8.49 -15.87  -0.93
  -6.89 -16.63  -1.04
  -5.23 -17.22  -1.12
  -3.51 -17.65  -1.18
  -1.76 -17.91  -1.23
   0.00 -18.00  -1.27
   1.76 -17.91  -1.31
   3.51 -17.65  -1.33
   5.23 -17.22  -1.32
   6.89 -16.63  -1.24
   8.49 -15.87  -1.08
  10.00 -14.97  -0.81
  11.42 -13.91  -0.42
  12.73 -12.73   0.07
  13.91 -11.42   0.65
  14.97 -10.00   1.19
  15.87  -8.49   1.72
  16.63  -6.89   2.27
  17.22  -5.23   2.85
  17.65  -3.51   3.49
  17.91  -1.76   4.17
  18.00   0.00   4.89
  18.91   1.86   5.66
  18.63   3.71   6.35
  18.18   5.52   6.95
  17.55   7.27   7.45
  16.76   8.96   7.82
  15.80  10.56   8.08
  14.69  12.05   8.26
  13.44  13.44   8.40
  12.05  14.69   8.28
  10.56  15.80   8.04
   8.96  16.76   7.72
   7.27  17.55   7.35
   5.52  18.18   6.93
   3.71  18.63   6.48
   1.86  18.91   6.00
   0.00  19.00   5.52
  -1.86  18.91   5.07
  -3.71  18.63   4.66
  -5.52  18.18   4.28
  -7.27  17.55   3.94
  -8.96  16.76   3.63
 -10.56  15.80   3.38
 -12.05  14.69   3.15
 -13.44  13.44   2.93
 -14.69  12.05   2.74
 -15.80  10.56   2.55
 -16.76   8.96   2.36
 -17.55   7.27   2.17
 -18.18   5.52   1.97
 -18.63   3.71   1.76
 -18.91   1.86   1.55
 -19.00   0.00   1.34
 -18.91  -1.86   1.13
 -18.63  -3.71   0.92
 -18.18  -5.52   0.71
 -17.55  -7.27   0.50
 -16.76  -8.96   0.29
 -15.80 -10.56   0.10
 -14.69 -12.05  -0.08
 -13.44 -13.43  -0.25
 -12.05 -14.69  -0.40
 -10.56 -15.80  -0.53
  -8.96 -16.76  -0.64
  -7.27 -17.55  -0.74
  -5.52 -18.18  -0.80
  -3.71 -18.63  -0.84
  -1.86 -18.91  -0.88
   0.00 -19.00  -0.91
   1.86 -18.91  -0.95
   3.71 -18.63  -0.98
   5.52 -18.18  -0.98
   7.27 -17.55  -0.93
   8.96 -16.76  -0.79
  10.56 -15.80  -0.55
  12.05 -14.69  -0.17
  13.43 -13.44   0.34
  14.69 -12.05   0.98
  15.80 -10.56   1.53
  16.76  -8.96   2.03
  17.55  -7.27   2.53
  18.18  -5.52   3.06
  18.63  -3.71   3.64
  18.91  -1.86   4.28
  19.00   0.00   4.96
  19.90   1.96   5.73
  19.62   3.90   6.39
  19.14   5.81   6.96
  18.48   7.65   7.41
  17.64   9.43   7.74
  16.63  11.11   7.97
  15.46  12.69   8.13
  14.14  14.14   8.27
  12.69  15.46   8.15
  11.11  16.63   7.90
   9.43  17.64   7.58
   7.65  18.48   7.20
   5.81  19.14   6.76
   3.90  19.62   6.29
   1.96  19.90   5.79
   0.00  20.00   5.28
  -1.96  19.90   4.80
  -3.90  19.62   4.36
  -5.81  19.14   3.97
  -7.65  18.48   3.62
  -9.43  17.64   3.32
 -11.11  16.63   3.09
 -12.69  15.46   2.90
 -14.14  14.14   2.73
 -15.46  12.69   2.59
 -16.63  11.11   2.45
 -17.64   9.43   2.30
 -18.48   7.65   2.15
 -19.14   5.81   1.99
 -19.62   3.90   1.80
 -19.90   1.96   1.62
 -20.00   0.00   1.43
 -19.90  -1.96   1.24
 -19.62  -3.90   1.04
 -19.14  -5.81   0.85
 -18.48  -7.65   0.66
 -17.64  -9.43   0.47
 -16.63 -11.11   0.29
 -15.46 -12.69   0.13
 -14.14 -14.14  -0.02
 -12.69 -15.46  -0.15
 -11.11 -16.63  -0.27
  -9.43 -17.64  -0.37
  -7.65 -18.48  -0.44
  -5.81 -19.14  -0.48
  -3.90 -19.62  -0.52
  -1.96 -19.90  -0.54
   0.00 -20.00  -0.56
   1.96 -19.90  -0.59
   3.90 -19.62  -0.63
   5.81 -19.14  -0.64
   7.65 -18.48  -0.61
   9.43 -17.64  -0.49
  11.11 -16.63  -0.28
  12.69 -15.46   0.07
  14.14 -14.14   0.57
  15.46 -12.69   1.21
  16.63 -11.11   1.75
  17.64  -9.43   2.24
  18.48  -7.65   2.73
  19.14  -5.81   3.22
  19.62  -3.90   3.77
  19.90  -1.96   4.38
  20.00   0.00   5.04
  20.90   2.06   5.76
  20.60   4.10   6.39
  20.10   6.10   6.93
  19.40   8.04   7.34
  18.52   9.90   7.63
  17.46  11.67   7.83
  16.23  13.32   7.97
  14.85  14.85   8.10
  13.32  16.23   7.99
  11.67  17.46   7.75
   9.90  18.52   7.44
   8.04  19.40   7.06
   6.10  20.10   6.61
   4.10  20.60   6.12
   2.06  20.90   5.60
   0.00  21.00   5.07
  -2.06  20.90   4.56
  -4.10  20.60   4.09
  -6.10  20.10   3.67
  -8.04  19.40   3.32
  -9.90  18.52   3.03
 -11.67  17.46   2.82
 -13.32  16.23   2.66
 -14.85  14.85   2.53
 -16.23  13.32   2.41
 -17.46  11.67   2.31
 -18.52   9.90   2.20
 -19.40   8.04   2.09
 -20.10   6.10   1.96
 -20.60   4.10   1.81
 -20.90   2.06   1.65
 -21.00   0.00   1.49
 -20.90  -2.06   1.32
 -20.60  -4.10   1.14
 -20.10  -6.10   0.97
 -19.40  -8.04   0.80
 -18.52  -9.90   0.64
 -17.46 -11.67   0.48
 -16.23 -13.32   0.33
 -14.85 -14.85   0.20
 -13.32 -16.23   0.08
 -11.67 -17.46  -0.02
  -9.90 -18.52  -0.10
  -8.04 -19.40  -0.16
  -6.10 -20.10  -0.19
  -4.10 -20.60  -0.21
  -2.06 -20.90  -0.23
   0.00 -21.00  -0.25
   2.06 -20.90  -0.27
   4.10 -20.60  -0.30
   6.10 -20.10  -0.31
   8.04 -19.40  -0.29
   9.90 -18.52  -0.20
  11.67 -17.46  -0.01
  13.32 -16.23   0.31
  14.85 -14.85   0.77
  16.23 -13.32   1.36
  17.46 -11.67   1.87
  18.52  -9.90   2.35
  19.40  -8.04   2.82
  20.10  -6.10   3.32
  20.60  -4.10   3.85
  20.90  -2.06   4.45
  21.00   0.00   5.10
  21.89   2.16   5.73
  21.58   4.29   6.32
  21.05   6.39   6.83
  20.33   8.42   7.21
  19.40  10.37   7.48
  18.29  12.22   7.66
  17.01  13.96   7.80
  15.56  15.56   7.91
  13.96  17.01   7.82
  12.22  18.29   7.60
  10.37  19.40   7.30
   8.42  20.33   6.92
   6.39  21.05   6.48
   4.29  21.58   5.98
   2.16  21.89   5.44
   0.00  22.00   4.89
  -2.16  21.89   4.36
  -4.29  21.58   3.86
  -6.39  21.05   3.42
  -8.42  20.33   3.06
 -10.37  19.40   2.78
 -12.22  18.29   2.57
 -13.96  17.01   2.42
 -15.56  15.56   2.32
 -17.01  13.96   2.24
 -18.29  12.22   2.17
 -19.40  10.37   2.09
 -20.33   8.42   2.01
 -21.05   6.39   1.90
 -21.58   4.29   1.79
 -21.89   2.16   1.66
 -22.00   0.00   1.52
 -21.89  -2.16   1.38
 -21.58  -4.29   1.23
 -21.05  -6.39   1.08
 -20.33  -8.42   0.93
 -19.40 -10.37   0.78
 -18.29 -12.22   0.64
 -17.01 -13.96   0.50
 -15.56 -15.56   0.39
 -13.96 -17.01   0.29
 -12.22 -18.29   0.21
 -10.37 -19.40   0.14
  -8.42 -20.33   0.09
  -6.39 -21.05   0.07
  -4.29 -21.58   0.06
  -2.16 -21.89   0.04
   0.00 -22.00   0.03
   2.16 -21.89   0.01
   4.29 -21.58   0.00
   6.39 -21.05  -0.01
   8.42 -20.33   0.00
  10.37 -19.40   0.09
  12.22 -18.29   0.24
  13.96 -17.01   0.51
  15.56 -15.56   0.92
  17.01 -13.96   1.45
  18.29 -12.22   1.92
  19.40 -10.37   2.37
  20.33  -8.42   2.83
  21.05  -6.39   3.32
  21.58  -4.29   3.86
  21.89  -2.16   4.45
  22.00   0.00   5.08
  22.89   2.25   5.61
  22.56   4.49   6.19
  22.01   6.68   6.67
  21.25   8.80   7.04
  20.28  10.84   7.30
  19.12  12.78   7.49
  17.78  14.59   7.62
  16.26  16.26   7.72
  14.59  17.78   7.63
  12.78  19.12   7.44
  10.84  20.28   7.16
   8.80  21.25   6.80
   6.68  22.01   6.36
   4.49  22.56   5.86
   2.25  22.89   5.31
   0.00  23.00   4.75
  -2.25  22.89   4.20
  -4.49  22.56   3.68
  -6.68  22.01   3.23
  -8.80  21.25   2.86
 -10.84  20.28   2.58
 -12.78  19.12   2.37
 -14.59  17.78   2.24
 -16.26  16.26   2.15
 -17.78  14.59   2.08
 -19.12  12.78   2.04
 -20.28  10.84   1.99
 -21.25   8.80   1.92
 -22.01   6.68   1.85
 -22.56   4.49   1.76
 -22.89   2.25   1.65
 -23.00   0.00   1.54
 -22.89  -2.25   1.42
 -22.56  -4.49   1.29
 -22.01  -6.68   1.16
 -21.25  -8.80   1.04
 -20.28 -10.84   0.91
 -19.12 -12.78   0.78
 -17.78 -14.59   0.66
 -16.26 -16.26   0.56
 -14.59 -17.78   0.47
 -12.78 -19.12   0.40
 -10.84 -20.28   0.34
  -8.80 -21.25   0.31
  -6.68 -22.01   0.29
  -4.49 -22.56   0.28
  -2.25 -22.89   0.27
   0.00 -23.00   0.27
   2.25 -22.89   0.26
   4.49 -22.56   0.25
   6.68 -22.01   0.26
   8.80 -21.25   0.28
  10.84 -20.28   0.34
  12.78 -19.12   0.48
  14.59 -17.78   0.70
  16.26 -16.26   1.05
  17.78 -14.59   1.50
  19.12 -12.78   1.92
  20.28 -10.84   2.34
  21.25  -8.80   2.78
  22.01  -6.68   3.25
  22.56  -4.49   3.78
  22.89  -2.25   4.36
  23.00   0.00   4.98
  23.88   2.35   5.43
  23.54   4.68   6.00
  22.97   6.97   6.48
  22.17   9.18   6.84
  21.17  11.31   7.11
  19.96  13.33   7.31
  18.55  15.23   7.44
  16.97  16.97   7.51
  15.23  18.55   7.45
  13.33  19.96   7.28
  11.31  21.17   7.01
   9.18  22.17   6.67
   6.97  22.97   6.24
   4.68  23.54   5.74
   2.35  23.88   5.20
   0.00  24.00   4.62
  -2.35  23.88   4.07
  -4.68  23.54   3.55
  -6.97  22.97   3.10
  -9.18  22.17   2.71
 -11.31  21.17   2.44
 -13.33  19.96   2.24
 -15.23  18.55   2.11
 -16.97  16.97   2.03
 -18.55  15.23   1.96
 -19.96  13.33   1.93
 -21.17  11.31   1.90
 -22.17   9.18   1.85
 -22.97   6.97   1.79
 -23.54   4.68   1.73
 -23.88   2.35   1.64
 -24.00   0.00   1.55
 -23.88  -2.35   1.46
 -23.54  -4.68   1.35
 -22.97  -6.97   1.23
 -22.17  -9.18   1.13
 -21.17 -11.31   1.02
 -19.96 -13.33   0.89
 -18.55 -15.23   0.78
 -16.97 -16.97   0.69
 -15.23 -18.55   0.62
 -13.33 -19.96   0.56
 -11.31 -21.17   0.51
  -9.18 -22.17   0.48
  -6.97 -22.97   0.48
  -4.68 -23.54   0.47
  -2.35 -23.88   0.47
   0.00 -24.00   0.47
   2.35 -23.88   0.46
   4.68 -23.54   0.47
   6.97 -22.97   0.49
   9.18 -22.17   0.52
  11.31 -21.17   0.58
  13.33 -19.96   0.69
  15.23 -18.55   0.89
  16.97 -16.97   1.17
  18.55 -15.23   1.53
  19.96 -13.33   1.90
  21.17 -11.31   2.28
  22.17  -9.18   2.68
  22.97  -6.97   3.14
  23.54  -4.68   3.65
  23.88  -2.35   4.22
  24.00   0.00   4.82
  24.88   2.45   5.23
  24.52   4.88   5.78
  23.92   7.26   6.26
  23.10   9.57   6.63
  22.05  11.78   6.92
  20.79  13.89   7.12
  19.33  15.86   7.26
  17.68  17.68   7.31
  15.86  19.33   7.25
  13.89  20.79   7.11
  11.78  22.05   6.86
   9.57  23.10   6.54
   7.26  23.92   6.11
   4.88  24.52   5.63
   2.45  24.88   5.10
   0.00  25.00   4.52
  -2.45  24.88   3.97
  -4.88  24.52   3.46
  -7.26  23.92   3.01
  -9.57  23.10   2.63
 -11.78  22.05   2.37
 -13.89  20.79   2.17
 -15.86  19.33   2.03
 -17.68  17.68   1.95
 -19.33  15.86   1.89
 -20.79  13.89   1.86
 -22.05  11.78   1.83
 -23.10   9.57   1.79
 -23.92   7.26   1.74
 -24.52   4.88   1.70
 -24.88   2.45   1.62
 -25.00   0.00   1.55
 -24.88  -2.45   1.48
 -24.52  -4.88   1.38
 -23.92  -7.26   1.28
 -23.10  -9.57   1.20
 -22.05 -11.78   1.09
 -20.79 -13.89   0.97
 -19.33 -15.86   0.87
 -17.68 -17.68   0.78
 -15.86 -19.33   0.73
 -13.89 -20.79   0.68
 -11.78 -22.05   0.64
  -9.57 -23.10   0.62
  -7.26 -23.92   0.62
  -4.88 -24.52   0.62
  -2.45 -24.88   0.62
   0.00 -25.00   0.63
   2.45 -24.88   0.64
   4.88 -24.52   0.65
   7.26 -23.92   0.68
   9.57 -23.10   0.72
  11.78 -22.05   0.79
  13.89 -20.79   0.89
  15.86 -19.33   1.06
  17.68 -17.68   1.29
  19.33 -15.86   1.57
  20.79 -13.89   1.88
  22.05 -11.79   2.22
  23.10  -9.57   2.59
  23.92  -7.26   3.01
  24.52  -4.88   3.50
  24.88  -2.45   4.05
  25.00   0.00   4.63
  25.87   2.55   5.02
  25.50   5.07   5.56
  24.88   7.55   6.04
  24.02   9.95   6.43
  22.93  12.26   6.73
  21.62  14.44   6.95
  20.10  16.49   7.09
  18.38  18.38   7.11
  16.49  20.10   7.05
  14.44  21.62   6.93
  12.26  22.93   6.72
   9.95  24.02   6.41
   7.55  24.88   5.99
   5.07  25.50   5.52
   2.55  25.87   5.00
   0.00  26.00   4.44
  -2.55  25.87   3.90
  -5.07  25.50   3.40
  -7.55  24.88   2.97
  -9.95  24.02   2.61
 -12.26  22.93   2.35
 -14.44  21.62   2.15
 -16.49  20.10   2.01
 -18.38  18.38   1.92
 -20.10  16.49   1.85
 -21.62  14.44   1.81
 -22.93  12.26   1.78
 -24.02   9.95   1.75
 -24.88   7.55   1.71
 -25.50   5.07   1.67
 -25.87   2.55   1.61
 -26.00   0.00   1.55
 -25.87  -2.55   1.49
 -25.50  -5.07   1.41
 -24.88  -7.55   1.32
 -24.02  -9.95   1.24
 -22.93 -12.26   1.13
 -21.62 -14.44   1.02
 -20.10 -16.49   0.92
 -18.38 -18.38   0.85
 -16.49 -20.10   0.80
 -14.44 -21.62   0.76
 -12.26 -22.93   0.73
  -9.95 -24.02   0.71
  -7.55 -24.88   0.72
  -5.07 -25.50   0.72
  -2.55 -25.87   0.74
   0.00 -26.00   0.76
   2.55 -25.87   0.78
   5.07 -25.50   0.81
   7.55 -24.88   0.85
   9.95 -24.02   0.91
  12.26 -22.93   0.99
  14.44 -21.62   1.08
  16.49 -20.10   1.23
  18.38 -18.38   1.41
  20.10 -16.49   1.63
  21.62 -14.44   1.88
  22.93 -12.26   2.18
  24.02  -9.95   2.52
  24.88  -7.55   2.91
  25.50  -5.07   3.36
  25.87  -2.55   3.88
  26.00   0.00   4.44
  26.87   2.65   4.84
  26.48   5.27   5.38
  25.84   7.84   5.86
  24.94  10.33   6.25
  23.81  12.73   6.56
  22.45  15.00   6.78
  20.87  17.13   6.94
  19.09  19.09   6.91
  17.13  20.87   6.86
  15.00  22.45   6.77
  12.73  23.81   6.58
  10.33  24.94   6.28
   7.84  25.84   5.88
   5.27  26.48   5.42
   2.65  26.87   4.92
   0.00  27.00   4.38
  -2.65  26.87   3.86
  -5.27  26.48   3.38
  -7.84  25.84   2.97
 -10.33  24.94   2.62
 -12.73  23.81   2.37
 -15.00  22.45   2.17
 -17.13  20.87   2.01
 -19.09  19.09   1.91
 -20.87  17.13   1.83
 -22.45  15.00   1.78
 -23.81  12.73   1.75
 -24.94  10.33   1.72
 -25.84   7.84   1.69
 -26.48   5.27   1.65
 -26.87   2.65   1.60
 -27.00   0.00   1.55
 -26.87  -2.65   1.49
 -26.48  -5.27   1.42
 -25.84  -7.84   1.34
 -24.94 -10.33   1.26
 -23.81 -12.73   1.15
 -22.45 -15.00   1.04
 -20.87 -17.13   0.94
 -19.09 -19.09   0.87
 -17.13 -20.87   0.83
 -15.00 -22.45   0.80
 -12.73 -23.81   0.78
 -10.33 -24.94   0.77
  -7.84 -25.84   0.78
  -5.27 -26.48   0.79
  -2.65 -26.87   0.81
   0.00 -27.00   0.86
   2.65 -26.87   0.89
   5.27 -26.48   0.94
   7.84 -25.84   1.00
  10.33 -24.94   1.07
  12.73 -23.81   1.16
  15.00 -22.45   1.25
  17.13 -20.87   1.40
  19.09 -19.09   1.56
  20.87 -17.13   1.72
  22.45 -15.00   1.93
  23.81 -12.73   2.19
  24.94 -10.33   2.48
  25.84  -7.84   2.84
  26.48  -5.27   3.26
  26.87  -2.65   3.74
  27.00   0.00   4.28
  27.87   2.74   4.71
  27.46   5.46   5.24
  26.79   8.13   5.72
  25.87  10.72   6.12
  24.69  13.20   6.43
  23.28  15.56   6.64
  21.64  17.76   6.81
  19.80  19.80   6.76
  17.76  21.64   6.72
  15.56  23.28   6.65
  13.20  24.69   6.47
  10.72  25.87   6.18
   8.13  26.79   5.79
   5.46  27.46   5.34
   2.74  27.87   4.86
   0.00  28.00   4.34
  -2.74  27.87   3.85
  -5.46  27.46   3.39
  -8.13  26.79   2.99
 -10.72  25.87   2.65
 -13.20  24.69   2.40
 -15.56  23.28   2.19
 -17.76  21.64   2.03
 -19.80  19.80   1.91
 -21.64  17.76   1.82
 -23.28  15.56   1.76
 -24.69  13.20   1.72
 -25.87  10.72   1.70
 -26.79   8.13   1.67
 -27.46   5.46   1.64
 -27.87   2.74   1.59
 -28.00   0.00   1.54
 -27.87  -2.74   1.48
 -27.46  -5.46   1.42
 -26.79  -8.13   1.34
 -25.87 -10.72   1.25
 -24.69 -13.20   1.14
 -23.28 -15.56   1.03
 -21.64 -17.76   0.94
 -19.80 -19.80   0.87
 -17.76 -21.64   0.83
 -15.56 -23.28   0.81
 -13.20 -24.69   0.80
 -10.72 -25.87   0.80
  -8.13 -26.79   0.81
  -5.46 -27.46   0.83
  -2.74 -27.87   0.87
   0.00 -28.00   0.92
   2.74 -27.87   0.97
   5.46 -27.46   1.04
   8.13 -26.79   1.12
  10.72 -25.87   1.21
  13.20 -24.69   1.32
  15.56 -23.28   1.41
  17.76 -21.64   1.56
  19.80 -19.80   1.72
  21.64 -17.76   1.84
  23.28 -15.56   2.03
  24.69 -13.20   2.25
  25.87 -10.72   2.52
  26.79  -8.13   2.84
  27.46  -5.46   3.21
  27.87  -2.74   3.66
  28.00   0.00   4.17
  28.86   2.84   4.68
  28.44   5.66   5.20
  27.75   8.42   5.67
  26.79  11.10   6.07
  25.58  13.67   6.36
  24.11  16.11   6.56
  22.42  18.40   6.74
  20.51  20.51   6.66
  18.40  22.42   6.67
  16.11  24.11   6.60
  13.67  25.58   6.42
  11.10  26.79   6.12
   8.42  27.75   5.75
   5.66  28.44   5.30
   2.84  28.86   4.82
   0.00  29.00   4.33
  -2.84  28.86   3.85
  -5.66  28.44   3.40
  -8.42  27.75   3.01
 -11.10  26.79   2.69
 -13.67  25.58   2.43
 -16.11  24.11   2.22
 -18.40  22.42   2.04
 -20.51  20.51   1.91
 -22.42  18.40   1.81
 -24.11  16.11   1.74
 -25.58  13.67   1.70
 -26.79  11.10   1.68
 -27.75   8.42   1.66
 -28.44   5.66   1.62
 -28.86   2.84   1.57
 -29.00   0.00   1.52
 -28.86  -2.84   1.46
 -28.44  -5.66   1.40
 -27.75  -8.42   1.32
 -26.79 -11.10   1.23
 -25.58 -13.67   1.11
 -24.11 -16.11   1.00
 -22.42 -18.40   0.92
 -20.51 -20.51   0.85
 -18.40 -22.42   0.82
 -16.11 -24.11   0.80
 -13.67 -25.58   0.80
 -11.10 -26.79   0.81
  -8.42 -27.75   0.83
  -5.66 -28.44   0.86
  -2.84 -28.86   0.91
   0.00 -29.00   0.96
   2.84 -28.86   1.02
   5.66 -28.44   1.11
   8.42 -27.75   1.20
  11.10 -26.79   1.31
  13.67 -25.58   1.43
  16.11 -24.11   1.55
  18.40 -22.42   1.71
  20.51 -20.51   1.87
  22.42 -18.40   1.99
  24.11 -16.11   2.16
  25.58 -13.67   2.38
  26.79 -11.10   2.63
  27.75  -8.42   2.92
  28.44  -5.66   3.26
  28.86  -2.84   3.67
  29.00   0.00   4.15
  29.86   2.94   4.78
  29.42   5.85   5.29
  28.71   8.71   5.75
  27.72  11.48   6.13
  26.46  14.14   6.42
  24.94  16.67   6.60
  23.19  19.03   6.79
  21.21  21.21   6.74
  19.03  23.19   6.75
  16.67  24.94   6.66
  14.14  26.46   6.45
  11.48  27.72   6.14
   8.71  28.71   5.75
   5.85  29.42   5.30
   2.94  29.86   4.82
   0.00  30.00   4.32
  -2.94  29.86   3.85
  -5.85  29.42   3.41
  -8.71  28.71   3.02
 -11.48  27.72   2.70
 -14.14  26.46   2.44
 -16.67  24.94   2.22
 -19.03  23.19   2.03
 -21.21  21.21   1.89
 -23.19  19.03   1.78
 -24.94  16.67   1.71
 -26.46  14.14   1.66
 -27.72  11.48   1.64
 -28.71   8.71   1.63
 -29.42   5.85   1.60
 -29.86   2.94   1.55
 -30.00   0.00   1.49
 -29.86  -2.94   1.43
 -29.42  -5.85   1.36
 -28.71  -8.71   1.27
 -27.72 -11.48   1.18
 -26.46 -14.14   1.07
 -24.94 -16.67   0.97
 -23.19 -19.03   0.88
 -21.21 -21.21   0.82
 -19.03 -23.19   0.80
 -16.67 -24.94   0.79
 -14.14 -26.46   0.80
 -11.48 -27.72   0.82
  -8.71 -28.71   0.85
  -5.85 -29.42   0.88
  -2.94 -29.86   0.93
   0.00 -30.00   0.99
   2.94 -29.86   1.06
   5.85 -29.42   1.14
   8.71 -28.71   1.25
  11.48 -27.72   1.36
  14.14 -26.46   1.49
  16.67 -24.94   1.64
  19.03 -23.19   1.82
  21.21 -21.21   2.00
  23.19 -19.03   2.15
  24.94 -16.67   2.34
  26.46 -14.14   2.57
  27.72 -11.48   2.82
  28.71  -8.71   3.09
  29.42  -5.85   3.42
  29.86  -2.94   3.81
  30.00   0.00   4.27
  30.85   3.04   5.19
  30.40   6.05   5.65
  29.67   9.00   6.05
  28.64  11.86   6.36
  27.34  14.61   6.59
  25.78  17.22   6.70
  23.96  19.67   6.79
  21.92  21.92   6.84
  19.67  23.96   6.84
  17.22  25.78   6.69
  14.61  27.34   6.43
  11.86  28.64   6.09
   9.00  29.67   5.68
   6.05  30.40   5.22
   3.04  30.85   4.74
   0.00  31.00   4.25
  -3.04  30.85   3.78
  -6.05  30.40   3.36
  -9.00  29.67   2.99
 -11.86  28.64   2.67
 -14.61  27.34   2.40
 -17.22  25.78   2.17
 -19.67  23.96   1.97
 -21.92  21.92   1.80
 -23.96  19.67   1.68
 -25.78  17.22   1.59
 -27.34  14.61   1.54
 -28.64  11.86   1.51
 -29.67   9.00   1.49
 -30.40   6.05   1.46
 -30.85   3.04   1.41
 -31.00   0.00   1.35
 -30.85  -3.04   1.27
 -30.40  -6.05   1.20
 -29.67  -9.00   1.11
 -28.64 -11.86   1.02
 -27.34 -14.61   0.93
 -25.78 -17.22   0.84
 -23.96 -19.67   0.77
 -21.92 -21.92   0.72
 -19.67 -23.96   0.71
 -17.22 -25.78   0.72
 -14.61 -27.34   0.74
 -11.86 -28.64   0.77
  -9.00 -29.67   0.81
  -6.05 -30.40   0.85
  -3.04 -30.85   0.89
   0.00 -31.00   0.95
   3.04 -30.85   1.01
   6.05 -30.40   1.09
   9.00 -29.67   1.18
  11.86 -28.64   1.28
  14.61 -27.34   1.41
  17.22 -25.78   1.58
  19.67 -23.96   1.78
  21.92 -21.92   2.02
  23.96 -19.67   2.31
  25.78 -17.22   2.65
  27.34 -14.61   2.97
  28.64 -11.86   3.28
  29.67  -9.00   3.59
  30.40  -6.05   3.94
  30.85  -3.04   4.32
  31.00   0.00   4.74
  31.85   3.14   4.99
  31.39   6.24   5.41
  30.62   9.29   5.78
  29.56  12.25   6.07
  28.22  15.08   6.28
  26.61  17.78   6.40
  24.74  20.30   6.51
  22.63  22.63   6.61
  20.30  24.74   6.72
  17.78  26.61   6.61
  15.08  28.22   6.36
  12.25  29.56   6.02
   9.29  30.62   5.61
   6.24  31.39   5.16
   3.14  31.85   4.68
   0.00  32.00   4.20
  -3.14  31.85   3.74
  -6.24  31.39   3.33
  -9.29  30.62   2.96
 -12.25  29.56   2.63
 -15.08  28.22   2.36
 -17.78  26.61   2.13
 -20.30  24.74   1.94
 -22.63  22.63   1.77
 -24.74  20.30   1.64
 -26.61  17.78   1.55
 -28.22  15.08   1.49
 -29.56  12.25   1.46
 -30.62   9.29   1.43
 -31.39   6.24   1.40
 -31.85   3.14   1.34
 -32.00   0.00   1.28
 -31.85  -3.14   1.21
 -31.39  -6.24   1.14
 -30.62  -9.29   1.05
 -29.56 -12.25   0.97
 -28.22 -15.08   0.88
 -26.61 -17.78   0.80
 -24.74 -20.30   0.73
 -22.63 -22.63   0.69
 -20.30 -24.74   0.67
 -17.78 -26.61   0.68
 -15.08 -28.22   0.70
 -12.25 -29.56   0.73
  -9.29 -30.62   0.76
  -6.24 -31.39   0.80
  -3.14 -31.85   0.84
   0.00 -32.00   0.89
   3.14 -31.85   0.95
   6.24 -31.39   1.02
   9.29 -30.62   1.09
  12.25 -29.56   1.18
  15.08 -28.22   1.29
  17.78 -26.61   1.43
  20.30 -24.74   1.60
  22.63 -22.63   1.82
  24.74 -20.30   2.15
  26.61 -17.78   2.56
  28.22 -15.08   2.89
  29.56 -12.25   3.19
  30.62  -9.29   3.49
  31.39  -6.24   3.81
  31.85  -3.14   4.17
  32.00   0.00   4.57
  32.84   3.23   4.76
  32.37   6.44   5.15
  31.58   9.58   5.50
  30.49  12.63   5.78
  29.10  15.56   5.98
  27.44  18.33   6.12
  25.51  20.93   6.24
  23.33  23.33   6.36
  20.93  25.51   6.53
  18.33  27.44   6.52
  15.56  29.10   6.30
  12.63  30.49   5.96
   9.58  31.58   5.56
   6.44  32.37   5.11
   3.23  32.84   4.63
   0.00  33.00   4.15
  -3.23  32.84   3.70
  -6.44  32.37   3.29
  -9.58  31.58   2.92
 -12.63  30.49   2.60
 -15.56  29.10   2.33
 -18.33  27.44   2.10
 -20.93  25.51   1.90
 -23.33  23.33   1.73
 -25.51  20.94   1.59
 -27.44  18.33   1.51
 -29.10  15.56   1.45
 -30.49  12.63   1.41
 -31.58   9.58   1.38
 -32.37   6.44   1.34
 -32.84   3.23   1.28
 -33.00   0.00   1.22
 -32.84  -3.23   1.15
 -32.37  -6.44   1.08
 -31.58  -9.58   1.00
 -30.49 -12.63   0.92
 -29.10 -15.56   0.84
 -27.44 -18.33   0.76
 -25.51 -20.93   0.70
 -23.33 -23.33   0.66
 -20.94 -25.51   0.64
 -18.33 -27.44   0.64
 -15.56 -29.10   0.66
 -12.63 -30.49   0.69
  -9.58 -31.58   0.72
  -6.44 -32.37   0.75
  -3.23 -32.84   0.79
   0.00 -33.00   0.84
   3.23 -32.84   0.89
   6.44 -32.37   0.95
   9.58 -31.58   1.01
  12.63 -30.49   1.09
  15.56 -29.10   1.18
  18.33 -27.44   1.30
  20.93 -25.51   1.44
  23.33 -23.33   1.63
  25.51 -20.94   1.99
  27.44 -18.33   2.43
  29.10 -15.56   2.76
  30.49 -12.63   3.05
  31.58  -9.58   3.34
  32.37  -6.44   3.66
  32.84  -3.23   4.00
  33.00   0.00   4.37
  33.84   3.33   4.55
  33.35   6.63   4.91
  32.54   9.87   5.23
  31.41  13.01   5.50
  29.99  16.03   5.70
  28.27  18.89   5.85
  26.28  21.57   5.98
  24.04  24.04   6.12
  21.57  26.28   6.32
  18.89  28.27   6.41
  16.03  29.99   6.22
  13.01  31.41   5.90
   9.87  32.54   5.50
   6.63  33.35   5.05
   3.33  33.84   4.57
   0.00  34.00   4.10
  -3.33  33.84   3.65
  -6.63  33.35   3.24
  -9.87  32.54   2.88
 -13.01  31.41   2.56
 -16.03  29.99   2.29
 -18.89  28.27   2.05
 -21.57  26.28   1.86
 -24.04  24.04   1.68
 -26.28  21.57   1.55
 -28.27  18.89   1.47
 -29.99  16.03   1.40
 -31.41  13.01   1.36
 -32.54   9.87   1.32
 -33.35   6.63   1.28
 -33.84   3.33   1.23
 -34.00   0.00   1.16
 -33.84  -3.33   1.10
 -33.35  -6.63   1.03
 -32.54  -9.87   0.95
 -31.41 -13.01   0.87
 -29.99 -16.03   0.80
 -28.27 -18.89   0.73
 -26.28 -21.57   0.67
 -24.04 -24.04   0.63
 -21.57 -26.28   0.60
 -18.89 -28.27   0.60
 -16.03 -29.99   0.62
 -13.01 -31.41   0.65
  -9.87 -32.54   0.68
  -6.63 -33.35   0.71
  -3.33 -33.84   0.75
   0.00 -34.00   0.79
   3.33 -33.84   0.83
   6.63 -33.35   0.88
   9.87 -32.54   0.94
  13.01 -31.41   1.00
  16.03 -29.99   1.08
  18.89 -28.27   1.17
  21.57 -26.28   1.29
  24.04 -24.04   1.47
  26.28 -21.57   1.86
  28.27 -18.89   2.29
  29.99 -16.03   2.62
  31.41 -13.01   2.91
  32.54  -9.87   3.20
  33.35  -6.63   3.50
  33.84  -3.33   3.83
  34.00   0.00   4.18
  34.83   3.43   4.34
  34.33   6.83   4.67
  33.49  10.16   4.97
  32.34  13.39   5.23
  30.87  16.50   5.43
  29.10  19.44   5.59
  27.06  22.20   5.73
  24.75  24.75   5.88
  22.20  27.06   6.08
  19.44  29.10   6.28
  16.50  30.87   6.15
  13.39  32.34   5.84
  10.16  33.49   5.44
   6.83  34.33   4.99
   3.43  34.83   4.52
   0.00  35.00   4.05
  -3.43  34.83   3.61
  -6.83  34.33   3.20
 -10.16  33.49   2.83
 -13.39  32.34   2.52
 -16.50  30.87   2.24
 -19.44  29.10   2.01
 -22.20  27.06   1.81
 -24.75  24.75   1.64
 -27.06  22.20   1.51
 -29.10  19.45   1.42
 -30.87  16.50   1.36
 -32.34  13.39   1.31
 -33.49  10.16   1.27
 -34.33   6.83   1.22
 -34.83   3.43   1.17
 -35.00   0.00   1.11
 -34.83  -3.43   1.04
 -34.33  -6.83   0.98
 -33.49 -10.16   0.90
 -32.34 -13.39   0.83
 -30.87 -16.50   0.76
 -29.10 -19.44   0.69
 -27.06 -22.20   0.64
 -24.75 -24.75   0.60
 -22.20 -27.06   0.57
 -19.45 -29.10   0.57
 -16.50 -30.87   0.58
 -13.39 -32.34   0.61
 -10.16 -33.49   0.64
  -6.83 -34.33   0.67
  -3.43 -34.83   0.70
   0.00 -35.00   0.74
   3.43 -34.83   0.78
   6.83 -34.33   0.82
  10.16 -33.49   0.87
  13.39 -32.34   0.93
  16.50 -30.87   0.99
  19.44 -29.10   1.06
  22.20 -27.06   1.16
  24.75 -24.75   1.36
  27.06 -22.20   1.76
  29.10 -19.45   2.17
  30.87 -16.50   2.49
  32.34 -13.39   2.78
  33.49 -10.16   3.06
  34.33  -6.83   3.35
  34.83  -3.43   3.66
  35.00   0.00   4.00
  35.83   3.53   4.13
  35.31   7.02   4.45
  34.45  10.45   4.73
  33.26  13.78   4.97
  31.75  16.97   5.17
  29.93  20.00   5.33
  27.83  22.84   5.48
  25.46  25.46   5.64
  22.84  27.83   5.85
  20.00  29.93   6.09
  16.97  31.75   6.06
  13.78  33.26   5.77
  10.45  34.45   5.38
   7.02  35.31   4.93
   3.53  35.83   4.47
   0.00  36.00   4.00
  -3.53  35.83   3.55
  -7.02  35.31   3.15
 -10.45  34.45   2.79
 -13.78  33.26   2.47
 -16.97  31.75   2.20
 -20.00  29.93   1.96
 -22.84  27.83   1.76
 -25.46  25.46   1.59
 -27.83  22.84   1.47
 -29.93  20.00   1.38
 -31.75  16.97   1.32
 -33.26  13.78   1.27
 -34.45  10.45   1.22
 -35.31   7.02   1.17
 -35.83   3.53   1.12
 -36.00   0.00   1.06
 -35.83  -3.53   1.00
 -35.31  -7.02   0.93
 -34.45 -10.45   0.86
 -33.26 -13.78   0.79
 -31.75 -16.97   0.72
 -29.93 -20.00   0.66
 -27.83 -22.84   0.61
 -25.46 -25.46   0.57
 -22.84 -27.83   0.54
 -20.00 -29.93   0.53
 -16.97 -31.75   0.55
 -13.78 -33.26   0.57
 -10.45 -34.45   0.60
  -7.02 -35.31   0.63
  -3.53 -35.83   0.66
   0.00 -36.00   0.69
   3.53 -35.83   0.73
   7.02 -35.31   0.76
  10.45 -34.45   0.81
  13.78 -33.26   0.85
  16.97 -31.75   0.90
  20.00 -29.93   0.96
  22.84 -27.83   1.05
  25.46 -25.46   1.27
  27.83 -22.84   1.67
  29.93 -20.00   2.05
  31.75 -16.97   2.36
  33.26 -13.78   2.64
  34.45 -10.45   2.92
  35.31  -7.02   3.20
  35.83  -3.53   3.50
  36.00   0.00   3.81
  36.82   3.63   3.93
  36.29   7.22   4.23
  35.41  10.74   4.49
  34.18  14.16   4.72
  32.63  17.44   4.92
  30.76  20.56   5.08
  28.60  23.47   5.24
  26.16  26.16   5.40
  23.47  28.60   5.62
  20.56  30.76   5.89
  17.44  32.63   5.96
  14.16  34.18   5.70
  10.74  35.41   5.32
   7.22  36.29   4.88
   3.63  36.82   4.41
   0.00  37.00   3.94
  -3.63  36.82   3.50
  -7.22  36.29   3.10
 -10.74  35.41   2.74
 -14.16  34.18   2.42
 -17.44  32.63   2.15
 -20.56  30.76   1.92
 -23.47  28.60   1.72
 -26.16  26.16   1.55
 -28.60  23.47   1.43
 -30.76  20.56   1.34
 -32.63  17.44   1.27
 -34.18  14.16   1.22
 -35.41  10.74   1.17
 -36.29   7.22   1.12
 -36.82   3.63   1.07
 -37.00   0.00   1.01
 -36.82  -3.63   0.95
 -36.29  -7.22   0.89
 -35.41 -10.74   0.82
 -34.18 -14.16   0.75
 -32.63 -17.44   0.69
 -30.76 -20.56   0.63
 -28.60 -23.47   0.58
 -26.16 -26.16   0.54
 -23.47 -28.60   0.51
 -20.56 -30.76   0.50
 -17.44 -32.63   0.51
 -14.16 -34.18   0.54
 -10.74 -35.41   0.56
  -7.22 -36.29   0.59
  -3.63 -36.82   0.62
   0.00 -37.00   0.65
   3.63 -36.82   0.68
   7.22 -36.29   0.71
  10.74 -35.41   0.74
  14.16 -34.18   0.78
  17.44 -32.63   0.82
  20.56 -30.76   0.87
  23.47 -28.60   0.96
  26.16 -26.16   1.21
  28.60 -23.47   1.59
  30.76 -20.56   1.94
  32.63 -17.44   2.24
  34.18 -14.16   2.52
  35.41 -10.74   2.78
  36.29  -7.22   3.05
  36.82  -3.63   3.34
  37.00   0.00   3.63
  37.82   3.72   3.74
  37.27   7.41   4.01
  36.36  11.03   4.26
  35.11  14.54   4.49
  33.51  17.91   4.67
  31.60  21.11   4.84
  29.37  24.11   4.99
  26.87  26.87   5.17
  24.11  29.37   5.38
  21.11  31.60   5.66
  17.91  33.51   5.84
  14.54  35.11   5.63
  11.03  36.36   5.26
   7.41  37.27   4.82
   3.72  37.82   4.35
   0.00  38.00   3.88
  -3.72  37.82   3.44
  -7.41  37.27   3.04
 -11.03  36.36   2.68
 -14.54  35.11   2.37
 -17.91  33.51   2.10
 -21.11  31.60   1.87
 -24.11  29.37   1.67
 -26.87  26.87   1.51
 -29.37  24.11   1.39
 -31.60  21.11   1.30
 -33.51  17.91   1.23
 -35.11  14.54   1.18
 -36.36  11.03   1.13
 -37.27   7.41   1.08
 -37.82   3.72   1.02
 -38.00   0.00   0.97
 -37.82  -3.72   0.91
 -37.27  -7.41   0.84
 -36.36 -11.03   0.78
 -35.11 -14.54   0.72
 -33.51 -17.91   0.66
 -31.60 -21.11   0.60
 -29.37 -24.11   0.55
 -26.87 -26.87   0.51
 -24.11 -29.37   0.49
 -21.11 -31.60   0.47
 -17.91 -33.51   0.48
 -14.54 -35.11   0.50
 -11.03 -36.36   0.52
  -7.41 -37.27   0.55
  -3.72 -37.82   0.58
   0.00 -38.00   0.60
   3.72 -37.82   0.63
   7.41 -37.27   0.66
  11.03 -36.36   0.69
  14.54 -35.11   0.71
  17.91 -33.51   0.75
  21.11 -31.60   0.79
  24.11 -29.37   0.88
  26.87 -26.87   1.15
  29.37 -24.11   1.51
  31.60 -21.11   1.84
  33.51 -17.91   2.12
  35.11 -14.54   2.39
  36.36 -11.03   2.65
  37.27  -7.41   2.91
  37.82  -3.72   3.18
  38.00   0.00   3.46
  38.81   3.82   3.55
  38.25   7.61   3.81
  37.32  11.32   4.05
  36.03  14.92   4.26
  34.39  18.38   4.44
  32.43  21.67   4.60
  30.15  24.74   4.76
  27.58  27.58   4.93
  24.74  30.15   5.15
  21.67  32.43   5.43
  18.38  34.39   5.69
  14.92  36.03   5.55
  11.32  37.32   5.19
   7.61  38.25   4.76
   3.82  38.81   4.29
   0.00  39.00   3.82
  -3.82  38.81   3.38
  -7.61  38.25   2.98
 -11.32  37.32   2.63
 -14.92  36.03   2.32
 -18.38  34.39   2.05
 -21.67  32.43   1.82
 -24.74  30.15   1.62
 -27.58  27.58   1.46
 -30.15  24.74   1.35
 -32.43  21.67   1.26
 -34.39  18.38   1.19
 -36.03  14.92   1.13
 -37.32  11.32   1.08
 -38.25   7.61   1.03
 -38.81   3.82   0.98
 -39.00   0.00   0.92
 -38.81  -3.82   0.87
 -38.25  -7.61   0.81
 -37.32 -11.32   0.74
 -36.03 -14.92   0.68
 -34.39 -18.38   0.62
 -32.43 -21.67   0.57
 -30.15 -24.74   0.52
 -27.58 -27.58   0.49
 -24.74 -30.15   0.46
 -21.67 -32.43   0.44
 -18.38 -34.39   0.45
 -14.92 -36.03   0.47
 -11.32 -37.32   0.49
  -7.61 -38.25   0.51
  -3.82 -38.81   0.54
   0.00 -39.00   0.56
   3.82 -38.81   0.59
   7.61 -38.25   0.61
  11.32 -37.32   0.63
  14.92 -36.03   0.65
  18.38 -34.40   0.68
  21.67 -32.43   0.71
  24.74 -30.15   0.82
  27.58 -27.58   1.10
  30.15 -24.74   1.43
  32.43 -21.67   1.74
  34.39 -18.38   2.01
  36.03 -14.92   2.27
  37.32 -11.32   2.52
  38.25  -7.61   2.77
  38.81  -3.82   3.02
  39.00   0.00   3.29
  39.81   3.92   3.37
  39.23   7.80   3.61
  38.28  11.61   3.83
  36.96  15.31   4.03
  35.28  18.86   4.21
  33.26  22.22   4.37
  30.92  25.38   4.53
  28.28  28.28   4.70
  25.38  30.92   4.92
  22.22  33.26   5.19
  18.86  35.28   5.51
  15.31  36.96   5.46
  11.61  38.28   5.12
   7.80  39.23   4.69
   3.92  39.81   4.23
   0.00  40.00   3.76
  -3.92  39.81   3.32
  -7.80  39.23   2.92
 -11.61  38.28   2.57
 -15.31  36.96   2.26
 -18.86  35.28   2.00
 -22.22  33.26   1.77
 -25.38  30.92   1.57
 -28.28  28.28   1.42
 -30.92  25.38   1.31
 -33.26  22.22   1.22
 -35.28  18.86   1.15
 -36.96  15.31   1.09
 -38.28  11.61   1.04
 -39.23   7.80   0.99
 -39.81   3.92   0.94
 -40.00   0.00   0.88
 -39.81  -3.92   0.82
 -39.23  -7.80   0.77
 -38.28 -11.61   0.71
 -36.96 -15.31   0.65
 -35.28 -18.86   0.60
 -33.26 -22.22   0.54
 -30.92 -25.38   0.50
 -28.28 -28.28   0.46
 -25.38 -30.92   0.44
 -22.22 -33.26   0.42
 -18.86 -35.28   0.42
 -15.31 -36.96   0.43
 -11.61 -38.28   0.46
  -7.80 -39.23   0.48
  -3.92 -39.81   0.50
   0.00 -40.00   0.52
   3.92 -39.81   0.55
   7.80 -39.23   0.56
  11.61 -38.28   0.58
  15.31 -36.96   0.60
  18.86 -35.28   0.61
  22.22 -33.26   0.65
  25.38 -30.92   0.77
  28.28 -28.28   1.05
  30.92 -25.38   1.35
  33.26 -22.22   1.64
  35.28 -18.86   1.90
  36.96 -15.31   2.15
  38.28 -11.61   2.39
  39.23  -7.80   2.63
  39.81  -3.92   2.87
  40.00   0.00   3.12
