   -0.664   -0.664   -0.664   -0.664   -0.664   -0.665   -0.666   -0.667   -0.668   -0.670   -0.671   -0.673   -0.675   -0.677   -0.680   -0.682   -0.684   -0.687   -0.690   -0.692   -0.695   -0.697   -0.699   -0.702   -0.704   -0.706   -0.707   -0.709   -0.710   -0.711   -0.712   -0.713   -0.713   -0.713   -0.713   -0.713   -0.712   -0.712   -0.710   -0.709   -0.708   -0.706   -0.704   -0.702   -0.700   -0.698   -0.696   -0.694   -0.692   -0.689   -0.687   -0.685   -0.682   -0.680   -0.678   -0.676   -0.674   -0.672   -0.670   -0.669   -0.667   -0.666   -0.665   -0.665
   -0.607   -0.606   -0.606   -0.606   -0.607   -0.608   -0.610   -0.612   -0.615   -0.619   -0.624   -0.629   -0.635   -0.641   -0.648   -0.656   -0.664   -0.672   -0.680   -0.689   -0.697   -0.706   -0.714   -0.721   -0.728   -0.734   -0.740   -0.744   -0.748   -0.751   -0.754   -0.755   -0.755   -0.755   -0.754   -0.752   -0.750   -0.747   -0.743   -0.739   -0.734   -0.729   -0.724   -0.718   -0.711   -0.705   -0.699   -0.692   -0.686   -0.680   -0.674   -0.667   -0.661   -0.655   -0.649   -0.643   -0.638   -0.632   -0.627   -0.622   -0.618   -0.614   -0.611   -0.609
   -0.547   -0.544   -0.541   -0.540   -0.540   -0.541   -0.543   -0.546   -0.550   -0.555   -0.562   -0.569   -0.578   -0.588   -0.600   -0.613   -0.627   -0.642   -0.657   -0.674   -0.690   -0.706   -0.721   -0.735   -0.748   -0.759   -0.769   -0.777   -0.783   -0.787   -0.789   -0.790   -0.789   -0.788   -0.785   -0.781   -0.777   -0.771   -0.765   -0.757   -0.749   -0.741   -0.732   -0.724   -0.716   -0.707   -0.699   -0.691   -0.682   -0.674   -0.665   -0.656   -0.647   -0.638   -0.629   -0.619   -0.610   -0.600   -0.591   -0.582   -0.574   -0.566   -0.559   -0.553
   -0.488   -0.479   -0.473   -0.468   -0.467   -0.466   -0.466   -0.468   -0.471   -0.477   -0.484   -0.493   -0.504   -0.518   -0.533   -0.551   -0.570   -0.592   -0.615   -0.640   -0.664   -0.688   -0.710   -0.731   -0.749   -0.766   -0.781   -0.793   -0.803   -0.810   -0.814   -0.815   -0.814   -0.809   -0.804   -0.798   -0.792   -0.784   -0.775   -0.765   -0.755   -0.745   -0.736   -0.727   -0.718   -0.709   -0.700   -0.691   -0.682   -0.672   -0.661   -0.651   -0.639   -0.628   -0.615   -0.602   -0.589   -0.576   -0.562   -0.548   -0.535   -0.522   -0.509   -0.498
   -0.430   -0.415   -0.403   -0.392   -0.384   -0.379   -0.378   -0.378   -0.379   -0.383   -0.390   -0.400   -0.413   -0.429   -0.448   -0.470   -0.495   -0.522   -0.553   -0.586   -0.618   -0.649   -0.679   -0.707   -0.732   -0.755   -0.776   -0.792   -0.806   -0.816   -0.822   -0.824   -0.822   -0.816   -0.810   -0.803   -0.795   -0.785   -0.775   -0.763   -0.753   -0.744   -0.736   -0.728   -0.720   -0.712   -0.703   -0.693   -0.683   -0.672   -0.661   -0.649   -0.637   -0.623   -0.608   -0.592   -0.575   -0.557   -0.538   -0.519   -0.500   -0.482   -0.463   -0.446
   -0.374   -0.353   -0.333   -0.316   -0.302   -0.290   -0.281   -0.275   -0.273   -0.274   -0.279   -0.290   -0.306   -0.324   -0.346   -0.372   -0.401   -0.434   -0.470   -0.509   -0.550   -0.590   -0.628   -0.664   -0.697   -0.727   -0.753   -0.775   -0.793   -0.806   -0.814   -0.818   -0.816   -0.810   -0.803   -0.796   -0.787   -0.777   -0.764   -0.754   -0.747   -0.740   -0.734   -0.729   -0.723   -0.716   -0.708   -0.696   -0.686   -0.674   -0.663   -0.651   -0.639   -0.624   -0.607   -0.587   -0.566   -0.543   -0.519   -0.495   -0.470   -0.445   -0.421   -0.397
   -0.320   -0.292   -0.266   -0.242   -0.220   -0.202   -0.187   -0.176   -0.168   -0.165   -0.167   -0.174   -0.186   -0.204   -0.227   -0.256   -0.292   -0.330   -0.371   -0.416   -0.462   -0.509   -0.558   -0.603   -0.645   -0.682   -0.715   -0.742   -0.765   -0.781   -0.792   -0.797   -0.796   -0.790   -0.785   -0.778   -0.770   -0.760   -0.749   -0.742   -0.737   -0.734   -0.732   -0.731   -0.729   -0.725   -0.721   -0.714   -0.705   -0.695   -0.682   -0.668   -0.652   -0.633   -0.611   -0.587   -0.561   -0.533   -0.504   -0.473   -0.442   -0.411   -0.380   -0.350
   -0.267   -0.232   -0.198   -0.168   -0.140   -0.115   -0.094   -0.077   -0.065   -0.057   -0.055   -0.058   -0.068   -0.084   -0.106   -0.136   -0.171   -0.212   -0.258   -0.311   -0.364   -0.418   -0.471   -0.523   -0.575   -0.620   -0.660   -0.694   -0.721   -0.741   -0.755   -0.761   -0.761   -0.759   -0.756   -0.751   -0.744   -0.734   -0.728   -0.725   -0.725   -0.727   -0.730   -0.733   -0.736   -0.737   -0.735   -0.732   -0.725   -0.715   -0.702   -0.686   -0.667   -0.644   -0.618   -0.590   -0.559   -0.525   -0.490   -0.454   -0.417   -0.379   -0.341   -0.304
   -0.215   -0.172   -0.132   -0.094   -0.059   -0.028   -0.001    0.022    0.039    0.052    0.059    0.060    0.053    0.038    0.015   -0.015   -0.051   -0.094   -0.144   -0.198   -0.256   -0.318   -0.377   -0.435   -0.490   -0.542   -0.591   -0.630   -0.662   -0.687   -0.704   -0.711   -0.716   -0.719   -0.719   -0.717   -0.712   -0.705   -0.704   -0.706   -0.712   -0.719   -0.728   -0.736   -0.744   -0.750   -0.753   -0.752   -0.747   -0.738   -0.724   -0.706   -0.684   -0.658   -0.628   -0.595   -0.559   -0.520   -0.479   -0.436   -0.393   -0.348   -0.303   -0.259
   -0.163   -0.112   -0.064   -0.019    0.023    0.061    0.094    0.121    0.144    0.161    0.173    0.181    0.176    0.161    0.137    0.107    0.069    0.024   -0.032   -0.089   -0.149   -0.213   -0.277   -0.342   -0.402   -0.458   -0.508   -0.552   -0.589   -0.618   -0.640   -0.655   -0.665   -0.671   -0.674   -0.675   -0.672   -0.673   -0.678   -0.686   -0.697   -0.711   -0.726   -0.741   -0.754   -0.765   -0.772   -0.775   -0.772   -0.763   -0.748   -0.729   -0.704   -0.675   -0.640   -0.602   -0.560   -0.515   -0.468   -0.419   -0.369   -0.318   -0.266   -0.214
   -0.110   -0.051    0.005    0.058    0.106    0.150    0.189    0.222    0.250    0.270    0.287    0.290    0.283    0.266    0.242    0.211    0.173    0.128    0.074    0.016   -0.046   -0.115   -0.181   -0.246   -0.308   -0.370   -0.424   -0.473   -0.514   -0.548   -0.575   -0.595   -0.608   -0.618   -0.621   -0.627   -0.633   -0.641   -0.652   -0.665   -0.682   -0.702   -0.724   -0.746   -0.766   -0.783   -0.795   -0.800   -0.799   -0.791   -0.774   -0.753   -0.726   -0.692   -0.654   -0.610   -0.562   -0.511   -0.457   -0.402   -0.345   -0.288   -0.229   -0.169
   -0.056    0.011    0.076    0.137    0.193    0.242    0.288    0.325    0.359    0.378    0.387    0.385    0.373    0.354    0.328    0.297    0.261    0.216    0.161    0.102    0.041   -0.024   -0.093   -0.157   -0.220   -0.280   -0.336   -0.392   -0.437   -0.475   -0.507   -0.532   -0.546   -0.560   -0.572   -0.584   -0.596   -0.609   -0.625   -0.644   -0.667   -0.693   -0.722   -0.752   -0.778   -0.804   -0.820   -0.828   -0.829   -0.822   -0.801   -0.779   -0.750   -0.712   -0.668   -0.619   -0.565   -0.507   -0.446   -0.384   -0.321   -0.257   -0.191   -0.124
    0.000    0.076    0.150    0.220    0.282    0.337    0.390    0.428    0.454    0.468    0.471    0.463    0.446    0.422    0.394    0.363    0.334    0.289    0.229    0.169    0.109    0.048   -0.013   -0.074   -0.139   -0.200   -0.255   -0.308   -0.356   -0.399   -0.436   -0.466   -0.490   -0.510   -0.528   -0.544   -0.561   -0.579   -0.599   -0.622   -0.650   -0.682   -0.719   -0.759   -0.789   -0.814   -0.831   -0.842   -0.845   -0.840   -0.827   -0.806   -0.776   -0.731   -0.684   -0.628   -0.567   -0.501   -0.434   -0.365   -0.296   -0.226   -0.153   -0.078
    0.056    0.145    0.227    0.311    0.377    0.432    0.479    0.513    0.534    0.541    0.537    0.523    0.500    0.472    0.440    0.408    0.377    0.333    0.278    0.216    0.158    0.102    0.047   -0.009   -0.066   -0.127   -0.181   -0.233   -0.284   -0.331   -0.374   -0.410   -0.441   -0.466   -0.488   -0.509   -0.529   -0.550   -0.573   -0.600   -0.631   -0.668   -0.716   -0.755   -0.787   -0.812   -0.829   -0.841   -0.846   -0.845   -0.835   -0.817   -0.789   -0.749   -0.701   -0.636   -0.569   -0.495   -0.419   -0.344   -0.270   -0.195   -0.115   -0.031
    0.114    0.217    0.306    0.387    0.453    0.508    0.551    0.580    0.596    0.597    0.586    0.564    0.535    0.502    0.467    0.430    0.392    0.346    0.295    0.241    0.188    0.138    0.089    0.040   -0.010   -0.062   -0.113   -0.164   -0.220   -0.270   -0.319   -0.362   -0.398   -0.427   -0.453   -0.476   -0.499   -0.523   -0.548   -0.577   -0.610   -0.650   -0.700   -0.741   -0.773   -0.797   -0.815   -0.828   -0.835   -0.836   -0.829   -0.814   -0.788   -0.750   -0.702   -0.641   -0.572   -0.486   -0.400   -0.320   -0.242   -0.163   -0.078    0.014
    0.170    0.273    0.364    0.444    0.511    0.563    0.604    0.630    0.640    0.634    0.616    0.588    0.554    0.517    0.479    0.437    0.394    0.347    0.298    0.249    0.202    0.157    0.114    0.072    0.029   -0.016   -0.063   -0.111   -0.162   -0.213   -0.270   -0.321   -0.360   -0.393   -0.421   -0.446   -0.471   -0.496   -0.523   -0.553   -0.587   -0.626   -0.676   -0.717   -0.748   -0.773   -0.791   -0.804   -0.813   -0.816   -0.812   -0.800   -0.776   -0.739   -0.689   -0.628   -0.556   -0.473   -0.376   -0.293   -0.214   -0.133   -0.045    0.057
    0.208    0.311    0.403    0.483    0.548    0.599    0.636    0.660    0.665    0.654    0.630    0.597    0.559    0.520    0.478    0.432    0.385    0.337    0.289    0.243    0.201    0.162    0.125    0.089    0.053    0.013   -0.029   -0.073   -0.121   -0.172   -0.227   -0.285   -0.328   -0.363   -0.392   -0.419   -0.445   -0.471   -0.499   -0.529   -0.562   -0.600   -0.642   -0.684   -0.715   -0.740   -0.757   -0.770   -0.781   -0.786   -0.786   -0.777   -0.755   -0.719   -0.667   -0.602   -0.526   -0.444   -0.346   -0.264   -0.187   -0.106   -0.016    0.094
    0.228    0.332    0.424    0.502    0.564    0.612    0.648    0.673    0.674    0.659    0.631    0.595    0.554    0.512    0.467    0.419    0.368    0.317    0.269    0.225    0.186    0.151    0.120    0.091    0.062    0.028   -0.010   -0.051   -0.095   -0.144   -0.199   -0.257   -0.300   -0.336   -0.366   -0.394   -0.420   -0.447   -0.475   -0.504   -0.537   -0.572   -0.609   -0.644   -0.673   -0.700   -0.716   -0.729   -0.742   -0.749   -0.751   -0.747   -0.729   -0.694   -0.641   -0.571   -0.487   -0.404   -0.312   -0.235   -0.161   -0.082    0.006    0.110
    0.234    0.337    0.427    0.501    0.559    0.604    0.639    0.671    0.671    0.653    0.623    0.584    0.538    0.496    0.450    0.399    0.344    0.289    0.238    0.194    0.157    0.127    0.102    0.078    0.060    0.030   -0.004   -0.042   -0.083   -0.129   -0.185   -0.235   -0.276   -0.311   -0.342   -0.370   -0.397   -0.424   -0.451   -0.480   -0.511   -0.545   -0.578   -0.609   -0.634   -0.655   -0.669   -0.681   -0.698   -0.706   -0.711   -0.711   -0.698   -0.665   -0.613   -0.540   -0.445   -0.361   -0.280   -0.208   -0.138   -0.061    0.025    0.124
    0.243    0.343    0.429    0.499    0.552    0.593    0.627    0.659    0.658    0.639    0.608    0.567    0.527    0.486    0.440    0.386    0.325    0.264    0.210    0.164    0.129    0.104    0.084    0.065    0.046    0.020   -0.011   -0.046   -0.084   -0.126   -0.173   -0.217   -0.255   -0.289   -0.319   -0.348   -0.374   -0.401   -0.428   -0.456   -0.486   -0.518   -0.548   -0.576   -0.598   -0.616   -0.628   -0.638   -0.650   -0.658   -0.664   -0.671   -0.663   -0.635   -0.586   -0.514   -0.418   -0.335   -0.258   -0.188   -0.119   -0.045    0.040    0.137
    0.246    0.343    0.425    0.489    0.538    0.576    0.608    0.639    0.639    0.620    0.588    0.555    0.520    0.481    0.435    0.378    0.311    0.241    0.182    0.134    0.099    0.080    0.067    0.053    0.036    0.012   -0.016   -0.048   -0.083   -0.121   -0.161   -0.201   -0.236   -0.268   -0.298   -0.326   -0.352   -0.378   -0.405   -0.432   -0.461   -0.491   -0.519   -0.545   -0.565   -0.581   -0.592   -0.601   -0.609   -0.617   -0.623   -0.627   -0.626   -0.602   -0.560   -0.493   -0.401   -0.323   -0.250   -0.180   -0.110   -0.035    0.050    0.145
    0.240    0.331    0.410    0.471    0.517    0.553    0.583    0.612    0.614    0.595    0.572    0.545    0.515    0.478    0.433    0.374    0.298    0.217    0.153    0.102    0.067    0.056    0.050    0.042    0.027    0.006   -0.020   -0.049   -0.081   -0.115   -0.151   -0.186   -0.219   -0.249   -0.278   -0.305   -0.331   -0.356   -0.382   -0.409   -0.437   -0.465   -0.491   -0.515   -0.534   -0.548   -0.559   -0.567   -0.575   -0.582   -0.587   -0.591   -0.587   -0.566   -0.534   -0.474   -0.392   -0.320   -0.252   -0.184   -0.114   -0.037    0.049    0.143
    0.222    0.310    0.385    0.444    0.490    0.526    0.555    0.579    0.583    0.573    0.558    0.537    0.511    0.477    0.432    0.372    0.284    0.202    0.135    0.082    0.046    0.032    0.035    0.032    0.020    0.001   -0.023   -0.049   -0.078   -0.108   -0.140   -0.172   -0.203   -0.231   -0.258   -0.284   -0.309   -0.334   -0.360   -0.386   -0.412   -0.439   -0.464   -0.485   -0.503   -0.517   -0.528   -0.536   -0.544   -0.551   -0.557   -0.559   -0.555   -0.537   -0.506   -0.455   -0.389   -0.324   -0.261   -0.197   -0.127   -0.050    0.035    0.127
    0.194    0.280    0.354    0.413    0.460    0.497    0.527    0.548    0.556    0.553    0.544    0.529    0.507    0.475    0.431    0.371    0.278    0.196    0.127    0.073    0.037    0.020    0.022    0.025    0.014   -0.003   -0.025   -0.048   -0.074   -0.101   -0.130   -0.159   -0.187   -0.214   -0.240   -0.265   -0.289   -0.313   -0.338   -0.363   -0.388   -0.413   -0.436   -0.457   -0.473   -0.487   -0.498   -0.507   -0.516   -0.523   -0.529   -0.532   -0.528   -0.513   -0.486   -0.443   -0.388   -0.332   -0.275   -0.214   -0.146   -0.071    0.013    0.103
    0.162    0.246    0.320    0.380    0.429    0.468    0.499    0.520    0.531    0.534    0.531    0.521    0.502    0.472    0.429    0.369    0.278    0.198    0.130    0.076    0.038    0.020    0.023    0.021    0.010   -0.007   -0.026   -0.047   -0.070   -0.094   -0.120   -0.146   -0.172   -0.198   -0.222   -0.246   -0.270   -0.293   -0.316   -0.340   -0.363   -0.387   -0.409   -0.428   -0.444   -0.457   -0.469   -0.479   -0.488   -0.497   -0.503   -0.506   -0.504   -0.491   -0.469   -0.433   -0.388   -0.339   -0.288   -0.231   -0.168   -0.096   -0.015    0.073
    0.128    0.211    0.285    0.348    0.400    0.440    0.471    0.493    0.506    0.515    0.519    0.513    0.496    0.467    0.425    0.366    0.286    0.210    0.143    0.090    0.052    0.031    0.026    0.019    0.007   -0.009   -0.027   -0.046   -0.066   -0.087   -0.110   -0.134   -0.158   -0.182   -0.206   -0.228   -0.251   -0.273   -0.295   -0.317   -0.339   -0.361   -0.382   -0.400   -0.415   -0.428   -0.439   -0.450   -0.461   -0.470   -0.478   -0.482   -0.480   -0.470   -0.452   -0.423   -0.385   -0.343   -0.297   -0.246   -0.187   -0.119   -0.042    0.042
    0.099    0.180    0.254    0.319    0.373    0.414    0.445    0.467    0.484    0.498    0.507    0.505    0.490    0.461    0.419    0.361    0.288    0.216    0.153    0.101    0.063    0.039    0.028    0.018    0.004   -0.011   -0.028   -0.045   -0.062   -0.080   -0.100   -0.122   -0.145   -0.167   -0.190   -0.212   -0.233   -0.254   -0.275   -0.295   -0.316   -0.336   -0.355   -0.372   -0.386   -0.398   -0.410   -0.421   -0.433   -0.443   -0.451   -0.456   -0.455   -0.448   -0.432   -0.408   -0.376   -0.340   -0.299   -0.254   -0.200   -0.138   -0.065    0.015
    0.077    0.157    0.231    0.297    0.351    0.392    0.422    0.444    0.465    0.485    0.498    0.498    0.483    0.454    0.411    0.355    0.287    0.219    0.159    0.109    0.071    0.046    0.030    0.017    0.003   -0.013   -0.029   -0.043   -0.058   -0.073   -0.091   -0.111   -0.132   -0.153   -0.175   -0.196   -0.216   -0.236   -0.255   -0.274   -0.293   -0.311   -0.329   -0.344   -0.358   -0.369   -0.381   -0.392   -0.404   -0.414   -0.423   -0.428   -0.428   -0.422   -0.409   -0.389   -0.361   -0.329   -0.293   -0.252   -0.204   -0.148   -0.080   -0.004
    0.067    0.145    0.219    0.284    0.337    0.377    0.406    0.427    0.453    0.477    0.491    0.492    0.477    0.447    0.404    0.348    0.284    0.220    0.163    0.115    0.078    0.051    0.032    0.017    0.001   -0.015   -0.030   -0.042   -0.053   -0.066   -0.081   -0.099   -0.119   -0.140   -0.160   -0.181   -0.200   -0.219   -0.236   -0.254   -0.271   -0.288   -0.303   -0.317   -0.330   -0.341   -0.352   -0.363   -0.374   -0.384   -0.392   -0.397   -0.398   -0.393   -0.382   -0.364   -0.339   -0.310   -0.277   -0.240   -0.197   -0.145   -0.084   -0.012
    0.074    0.151    0.223    0.287    0.339    0.376    0.404    0.421    0.450    0.473    0.487    0.486    0.471    0.441    0.396    0.342    0.281    0.220    0.166    0.120    0.083    0.054    0.033    0.016   -0.001   -0.017   -0.030   -0.041   -0.049   -0.058   -0.071   -0.088   -0.107   -0.127   -0.147   -0.166   -0.185   -0.202   -0.219   -0.235   -0.250   -0.265   -0.279   -0.291   -0.302   -0.312   -0.323   -0.333   -0.344   -0.354   -0.361   -0.365   -0.365   -0.361   -0.351   -0.335   -0.311   -0.285   -0.252   -0.216   -0.175   -0.128   -0.070   -0.002
    0.134    0.204    0.267    0.321    0.365    0.394    0.416    0.430    0.445    0.461    0.470    0.466    0.448    0.417    0.373    0.322    0.268    0.216    0.168    0.126    0.090    0.061    0.036    0.016   -0.003   -0.019   -0.030   -0.038   -0.042   -0.048   -0.057   -0.071   -0.086   -0.102   -0.119   -0.135   -0.149   -0.163   -0.175   -0.186   -0.198   -0.210   -0.221   -0.231   -0.240   -0.249   -0.257   -0.265   -0.273   -0.279   -0.283   -0.284   -0.283   -0.278   -0.271   -0.260   -0.245   -0.218   -0.183   -0.142   -0.098   -0.047    0.008    0.069
    0.130    0.193    0.253    0.304    0.344    0.374    0.397    0.415    0.436    0.454    0.461    0.456    0.438    0.407    0.365    0.315    0.264    0.213    0.166    0.125    0.090    0.061    0.037    0.016   -0.003   -0.018   -0.029   -0.036   -0.042   -0.048   -0.058   -0.070   -0.084   -0.099   -0.114   -0.128   -0.141   -0.153   -0.164   -0.173   -0.183   -0.195   -0.207   -0.216   -0.225   -0.233   -0.241   -0.248   -0.254   -0.259   -0.262   -0.263   -0.261   -0.256   -0.250   -0.242   -0.232   -0.208   -0.176   -0.136   -0.092   -0.043    0.010    0.068
    0.124    0.183    0.238    0.286    0.325    0.355    0.379    0.400    0.425    0.445    0.453    0.448    0.429    0.398    0.356    0.309    0.259    0.210    0.165    0.124    0.090    0.061    0.037    0.015   -0.003   -0.017   -0.028   -0.035   -0.042   -0.048   -0.057   -0.069   -0.082   -0.095   -0.109   -0.122   -0.134   -0.144   -0.154   -0.162   -0.170   -0.181   -0.192   -0.202   -0.211   -0.219   -0.226   -0.232   -0.237   -0.241   -0.243   -0.243   -0.240   -0.236   -0.229   -0.223   -0.213   -0.195   -0.165   -0.127   -0.085   -0.038    0.012    0.067
    0.119    0.174    0.225    0.270    0.307    0.337    0.362    0.385    0.412    0.436    0.446    0.440    0.421    0.389    0.349    0.303    0.254    0.207    0.163    0.123    0.089    0.060    0.036    0.015   -0.003   -0.017   -0.027   -0.034   -0.041   -0.048   -0.057   -0.067   -0.079   -0.092   -0.104   -0.116   -0.127   -0.136   -0.144   -0.152   -0.159   -0.168   -0.179   -0.189   -0.197   -0.205   -0.211   -0.217   -0.221   -0.224   -0.225   -0.224   -0.221   -0.216   -0.211   -0.206   -0.195   -0.180   -0.152   -0.118   -0.078   -0.034    0.014    0.065
    0.114    0.164    0.212    0.255    0.291    0.321    0.346    0.370    0.398    0.426    0.438    0.432    0.413    0.382    0.342    0.296    0.249    0.203    0.160    0.122    0.088    0.060    0.035    0.014   -0.003   -0.016   -0.026   -0.034   -0.040   -0.047   -0.056   -0.066   -0.077   -0.088   -0.100   -0.111   -0.120   -0.129   -0.136   -0.142   -0.148   -0.156   -0.167   -0.176   -0.184   -0.191   -0.197   -0.202   -0.206   -0.208   -0.209   -0.207   -0.204   -0.199   -0.193   -0.189   -0.180   -0.166   -0.141   -0.109   -0.072   -0.030    0.015    0.063
    0.108    0.156    0.201    0.241    0.276    0.305    0.330    0.355    0.383    0.414    0.430    0.425    0.405    0.374    0.335    0.290    0.244    0.199    0.158    0.120    0.087    0.059    0.034    0.013   -0.003   -0.015   -0.025   -0.033   -0.040   -0.047   -0.055   -0.064   -0.074   -0.085   -0.095   -0.105   -0.114   -0.122   -0.128   -0.134   -0.139   -0.145   -0.155   -0.164   -0.172   -0.179   -0.185   -0.189   -0.192   -0.194   -0.193   -0.191   -0.187   -0.182   -0.177   -0.172   -0.167   -0.154   -0.131   -0.101   -0.066   -0.027    0.016    0.061
    0.103    0.148    0.190    0.228    0.261    0.289    0.315    0.340    0.368    0.401    0.421    0.418    0.398    0.367    0.328    0.285    0.240    0.196    0.155    0.118    0.085    0.057    0.033    0.012   -0.003   -0.015   -0.024   -0.032   -0.039   -0.046   -0.054   -0.062   -0.072   -0.082   -0.091   -0.100   -0.108   -0.115   -0.121   -0.126   -0.130   -0.135   -0.143   -0.153   -0.160   -0.167   -0.172   -0.176   -0.179   -0.180   -0.179   -0.176   -0.172   -0.167   -0.163   -0.158   -0.155   -0.142   -0.121   -0.093   -0.061   -0.024    0.016    0.059
    0.098    0.140    0.179    0.215    0.247    0.275    0.300    0.325    0.353    0.386    0.411    0.410    0.391    0.360    0.322    0.279    0.235    0.192    0.152    0.116    0.084    0.056    0.031    0.012   -0.003   -0.014   -0.023   -0.031   -0.038   -0.045   -0.052   -0.061   -0.070   -0.079   -0.087   -0.096   -0.103   -0.109   -0.114   -0.118   -0.122   -0.126   -0.133   -0.142   -0.150   -0.156   -0.161   -0.165   -0.167   -0.167   -0.166   -0.162   -0.158   -0.152   -0.150   -0.147   -0.144   -0.132   -0.112   -0.087   -0.056   -0.021    0.016    0.057
    0.093    0.132    0.169    0.203    0.234    0.261    0.285    0.310    0.338    0.369    0.400    0.403    0.385    0.354    0.316    0.273    0.230    0.188    0.148    0.113    0.082    0.054    0.030    0.012   -0.002   -0.013   -0.022   -0.030   -0.037   -0.044   -0.051   -0.059   -0.067   -0.076   -0.084   -0.091   -0.098   -0.103   -0.108   -0.111   -0.114   -0.117   -0.123   -0.131   -0.139   -0.145   -0.150   -0.153   -0.155   -0.155   -0.153   -0.149   -0.144   -0.139   -0.136   -0.137   -0.133   -0.123   -0.104   -0.080   -0.051   -0.019    0.017    0.054
    0.089    0.125    0.160    0.192    0.221    0.247    0.271    0.296    0.322    0.353    0.387    0.395    0.378    0.348    0.309    0.267    0.225    0.183    0.145    0.110    0.080    0.052    0.029    0.011   -0.002   -0.013   -0.022   -0.029   -0.036   -0.043   -0.050   -0.057   -0.065   -0.073   -0.080   -0.087   -0.093   -0.098   -0.102   -0.105   -0.107   -0.110   -0.114   -0.122   -0.129   -0.135   -0.140   -0.143   -0.144   -0.143   -0.141   -0.137   -0.132   -0.127   -0.124   -0.127   -0.124   -0.114   -0.097   -0.074   -0.047   -0.017    0.017    0.052
    0.084    0.118    0.151    0.181    0.209    0.234    0.257    0.281    0.307    0.338    0.373    0.387    0.371    0.341    0.303    0.262    0.220    0.179    0.142    0.108    0.077    0.050    0.027    0.011   -0.002   -0.012   -0.021   -0.028   -0.035   -0.041   -0.048   -0.055   -0.062   -0.070   -0.076   -0.083   -0.088   -0.093   -0.096   -0.099   -0.101   -0.103   -0.106   -0.112   -0.120   -0.126   -0.130   -0.133   -0.134   -0.133   -0.130   -0.126   -0.120   -0.117   -0.114   -0.118   -0.115   -0.106   -0.090   -0.069   -0.043   -0.015    0.016    0.050
    0.079    0.111    0.142    0.170    0.197    0.221    0.243    0.267    0.292    0.322    0.358    0.378    0.365    0.335    0.297    0.256    0.214    0.175    0.138    0.105    0.075    0.048    0.026    0.011   -0.002   -0.012   -0.020   -0.027   -0.034   -0.040   -0.047   -0.053   -0.060   -0.067   -0.073   -0.079   -0.084   -0.088   -0.091   -0.093   -0.095   -0.096   -0.098   -0.104   -0.111   -0.117   -0.121   -0.123   -0.124   -0.123   -0.120   -0.115   -0.110   -0.107   -0.106   -0.110   -0.107   -0.098   -0.083   -0.064   -0.040   -0.013    0.016    0.047
    0.075    0.105    0.133    0.160    0.185    0.208    0.230    0.252    0.277    0.306    0.341    0.368    0.358    0.329    0.291    0.250    0.209    0.170    0.134    0.101    0.072    0.046    0.025    0.010   -0.002   -0.012   -0.020   -0.027   -0.033   -0.039   -0.045   -0.051   -0.058   -0.064   -0.070   -0.075   -0.080   -0.083   -0.086   -0.088   -0.089   -0.090   -0.091   -0.096   -0.103   -0.108   -0.112   -0.114   -0.115   -0.113   -0.110   -0.105   -0.100   -0.097   -0.099   -0.102   -0.099   -0.091   -0.077   -0.059   -0.037   -0.012    0.016    0.045
    0.070    0.098    0.125    0.150    0.174    0.196    0.217    0.238    0.262    0.290    0.323    0.355    0.351    0.323    0.285    0.244    0.203    0.165    0.130    0.098    0.070    0.044    0.024    0.010   -0.002   -0.011   -0.019   -0.026   -0.032   -0.038   -0.044   -0.050   -0.056   -0.061   -0.067   -0.072   -0.076   -0.079   -0.081   -0.083   -0.084   -0.084   -0.085   -0.088   -0.095   -0.100   -0.104   -0.106   -0.106   -0.104   -0.101   -0.096   -0.090   -0.087   -0.092   -0.094   -0.092   -0.084   -0.071   -0.054   -0.034   -0.010    0.015    0.042
    0.066    0.092    0.117    0.141    0.163    0.183    0.204    0.224    0.247    0.274    0.306    0.342    0.343    0.316    0.279    0.238    0.198    0.160    0.126    0.095    0.067    0.042    0.024    0.009   -0.002   -0.011   -0.018   -0.025   -0.031   -0.037   -0.042   -0.048   -0.053   -0.059   -0.064   -0.068   -0.072   -0.075   -0.077   -0.078   -0.079   -0.079   -0.079   -0.081   -0.087   -0.093   -0.096   -0.098   -0.098   -0.096   -0.092   -0.087   -0.082   -0.079   -0.085   -0.087   -0.085   -0.078   -0.066   -0.050   -0.031   -0.009    0.015    0.040
    0.062    0.086    0.109    0.131    0.152    0.172    0.191    0.211    0.233    0.258    0.289    0.327    0.335    0.310    0.272    0.232    0.192    0.155    0.121    0.091    0.064    0.040    0.023    0.009   -0.002   -0.010   -0.018   -0.024   -0.030   -0.035   -0.041   -0.046   -0.051   -0.056   -0.061   -0.065   -0.068   -0.071   -0.073   -0.074   -0.074   -0.074   -0.074   -0.075   -0.080   -0.086   -0.089   -0.091   -0.090   -0.088   -0.084   -0.079   -0.075   -0.072   -0.078   -0.081   -0.078   -0.072   -0.061   -0.046   -0.028   -0.008    0.014    0.038
    0.058    0.080    0.102    0.122    0.142    0.160    0.178    0.197    0.218    0.242    0.272    0.311    0.327    0.303    0.266    0.225    0.186    0.149    0.117    0.088    0.061    0.038    0.022    0.009   -0.002   -0.010   -0.017   -0.023   -0.029   -0.034   -0.039   -0.044   -0.049   -0.054   -0.058   -0.062   -0.065   -0.067   -0.069   -0.069   -0.069   -0.069   -0.069   -0.069   -0.073   -0.079   -0.082   -0.084   -0.083   -0.081   -0.076   -0.071   -0.068   -0.066   -0.072   -0.074   -0.072   -0.066   -0.056   -0.042   -0.026   -0.007    0.013    0.035
    0.053    0.074    0.094    0.113    0.131    0.149    0.166    0.183    0.203    0.226    0.255    0.293    0.317    0.296    0.259    0.218    0.179    0.144    0.112    0.084    0.058    0.036    0.021    0.008   -0.002   -0.010   -0.017   -0.023   -0.028   -0.033   -0.038   -0.042   -0.047   -0.051   -0.055   -0.059   -0.062   -0.064   -0.065   -0.065   -0.065   -0.065   -0.064   -0.064   -0.067   -0.072   -0.076   -0.077   -0.076   -0.073   -0.069   -0.064   -0.061   -0.061   -0.067   -0.068   -0.066   -0.061   -0.051   -0.039   -0.024   -0.006    0.013    0.033
    0.049    0.068    0.087    0.105    0.121    0.137    0.153    0.170    0.188    0.210    0.238    0.274    0.306    0.288    0.251    0.211    0.172    0.138    0.107    0.080    0.055    0.035    0.020    0.008   -0.002   -0.010   -0.016   -0.022   -0.027   -0.032   -0.036   -0.041   -0.045   -0.049   -0.053   -0.056   -0.058   -0.060   -0.061   -0.061   -0.061   -0.060   -0.059   -0.059   -0.061   -0.066   -0.069   -0.070   -0.070   -0.067   -0.063   -0.057   -0.054   -0.056   -0.061   -0.063   -0.061   -0.056   -0.047   -0.035   -0.022   -0.006    0.012    0.030
    0.045    0.063    0.080    0.096    0.111    0.126    0.141    0.156    0.174    0.194    0.220    0.255    0.292    0.280    0.244    0.203    0.165    0.132    0.103    0.076    0.052    0.033    0.019    0.007   -0.002   -0.009   -0.016   -0.021   -0.026   -0.030   -0.035   -0.039   -0.043   -0.047   -0.050   -0.053   -0.055   -0.057   -0.058   -0.058   -0.057   -0.056   -0.055   -0.054   -0.056   -0.060   -0.063   -0.064   -0.063   -0.061   -0.056   -0.051   -0.047   -0.051   -0.056   -0.057   -0.055   -0.051   -0.043   -0.032   -0.020   -0.005    0.011    0.028
    0.041    0.057    0.073    0.088    0.102    0.115    0.129    0.143    0.159    0.178    0.203    0.236    0.277    0.272    0.236    0.195    0.158    0.126    0.097    0.072    0.049    0.031    0.018    0.007   -0.002   -0.009   -0.015   -0.020   -0.025   -0.029   -0.033   -0.037   -0.041   -0.045   -0.048   -0.050   -0.052   -0.054   -0.054   -0.054   -0.054   -0.052   -0.051   -0.050   -0.051   -0.055   -0.058   -0.059   -0.058   -0.055   -0.050   -0.045   -0.041   -0.047   -0.050   -0.052   -0.050   -0.046   -0.039   -0.029   -0.018   -0.004    0.010    0.026
    0.038    0.052    0.066    0.079    0.092    0.105    0.117    0.130    0.145    0.163    0.185    0.216    0.260    0.262    0.227    0.187    0.150    0.119    0.092    0.068    0.046    0.029    0.016    0.006   -0.002   -0.009   -0.015   -0.019   -0.024   -0.028   -0.032   -0.036   -0.039   -0.043   -0.046   -0.048   -0.050   -0.051   -0.051   -0.051   -0.050   -0.049   -0.047   -0.046   -0.046   -0.049   -0.053   -0.053   -0.052   -0.049   -0.044   -0.040   -0.037   -0.042   -0.045   -0.047   -0.045   -0.041   -0.035   -0.026   -0.016   -0.004    0.009    0.023
    0.034    0.047    0.059    0.071    0.083    0.094    0.105    0.117    0.130    0.147    0.167    0.197    0.242    0.252    0.217    0.177    0.142    0.112    0.087    0.064    0.043    0.028    0.015    0.006   -0.002   -0.009   -0.014   -0.019   -0.023   -0.027   -0.031   -0.034   -0.038   -0.041   -0.043   -0.045   -0.047   -0.048   -0.048   -0.048   -0.047   -0.045   -0.044   -0.042   -0.042   -0.045   -0.048   -0.048   -0.047   -0.044   -0.039   -0.035   -0.032   -0.037   -0.041   -0.042   -0.040   -0.037   -0.031   -0.023   -0.014   -0.003    0.008    0.021
    0.030    0.041    0.053    0.063    0.074    0.084    0.094    0.104    0.116    0.131    0.150    0.177    0.221    0.241    0.207    0.167    0.133    0.105    0.081    0.060    0.040    0.026    0.014    0.005   -0.002   -0.008   -0.014   -0.018   -0.022   -0.026   -0.029   -0.033   -0.036   -0.039   -0.041   -0.043   -0.044   -0.045   -0.045   -0.045   -0.044   -0.042   -0.040   -0.039   -0.038   -0.040   -0.043   -0.043   -0.042   -0.039   -0.034   -0.031   -0.028   -0.033   -0.036   -0.037   -0.036   -0.033   -0.028   -0.021   -0.012   -0.003    0.008    0.019
    0.026    0.036    0.046    0.055    0.064    0.073    0.082    0.091    0.102    0.115    0.132    0.156    0.199    0.228    0.196    0.157    0.124    0.097    0.075    0.056    0.038    0.024    0.013    0.005   -0.002   -0.008   -0.013   -0.017   -0.021   -0.025   -0.028   -0.031   -0.034   -0.037   -0.039   -0.041   -0.042   -0.042   -0.042   -0.042   -0.041   -0.039   -0.037   -0.035   -0.034   -0.036   -0.038   -0.039   -0.037   -0.034   -0.029   -0.026   -0.025   -0.029   -0.031   -0.032   -0.031   -0.028   -0.024   -0.018   -0.011   -0.002    0.007    0.016
    0.023    0.031    0.040    0.048    0.055    0.063    0.071    0.079    0.088    0.099    0.114    0.136    0.174    0.212    0.183    0.145    0.114    0.090    0.069    0.051    0.035    0.022    0.012    0.004   -0.003   -0.008   -0.013   -0.017   -0.020   -0.024   -0.027   -0.030   -0.032   -0.035   -0.037   -0.038   -0.039   -0.040   -0.040   -0.039   -0.038   -0.036   -0.034   -0.032   -0.031   -0.032   -0.034   -0.034   -0.033   -0.029   -0.025   -0.022   -0.021   -0.025   -0.027   -0.028   -0.027   -0.024   -0.021   -0.015   -0.009   -0.002    0.006    0.014
    0.019    0.026    0.033    0.040    0.046    0.053    0.059    0.066    0.074    0.083    0.096    0.115    0.147    0.193    0.169    0.133    0.104    0.081    0.063    0.046    0.032    0.020    0.011    0.003   -0.003   -0.008   -0.012   -0.016   -0.019   -0.022   -0.025   -0.028   -0.031   -0.033   -0.035   -0.036   -0.037   -0.037   -0.037   -0.036   -0.035   -0.033   -0.031   -0.029   -0.028   -0.028   -0.030   -0.030   -0.028   -0.025   -0.020   -0.017   -0.018   -0.021   -0.023   -0.023   -0.022   -0.020   -0.017   -0.013   -0.008   -0.002    0.005    0.012
    0.015    0.021    0.027    0.032    0.038    0.043    0.048    0.054    0.060    0.068    0.078    0.094    0.121    0.168    0.153    0.119    0.093    0.073    0.057    0.042    0.029    0.018    0.010    0.003   -0.003   -0.008   -0.012   -0.015   -0.018   -0.021   -0.024   -0.027   -0.029   -0.031   -0.033   -0.034   -0.035   -0.035   -0.034   -0.033   -0.032   -0.030   -0.028   -0.026   -0.025   -0.024   -0.026   -0.026   -0.024   -0.021   -0.016   -0.013   -0.015   -0.017   -0.018   -0.019   -0.018   -0.017   -0.014   -0.011   -0.006   -0.001    0.004    0.010
    0.012    0.016    0.021    0.025    0.029    0.033    0.037    0.041    0.046    0.052    0.060    0.073    0.094    0.139    0.134    0.104    0.081    0.064    0.051    0.037    0.026    0.016    0.008    0.002   -0.003   -0.007   -0.011   -0.015   -0.018   -0.020   -0.023   -0.025   -0.027   -0.029   -0.031   -0.032   -0.032   -0.032   -0.032   -0.031   -0.029   -0.028   -0.026   -0.024   -0.022   -0.021   -0.022   -0.022   -0.020   -0.017   -0.013   -0.009   -0.011   -0.013   -0.014   -0.014   -0.014   -0.013   -0.011   -0.008   -0.005   -0.001    0.003    0.007
    0.008    0.011    0.014    0.017    0.020    0.023    0.026    0.029    0.033    0.037    0.043    0.051    0.067    0.106    0.111    0.088    0.069    0.055    0.044    0.033    0.023    0.014    0.007    0.001   -0.003   -0.007   -0.011   -0.014   -0.017   -0.019   -0.022   -0.024   -0.026   -0.028   -0.029   -0.030   -0.030   -0.030   -0.029   -0.028   -0.027   -0.025   -0.023   -0.021   -0.019   -0.018   -0.019   -0.019   -0.017   -0.013   -0.009   -0.006   -0.008   -0.009   -0.010   -0.010   -0.010   -0.009   -0.008   -0.006   -0.003   -0.001    0.002    0.005
    0.005    0.007    0.008    0.010    0.012    0.013    0.015    0.017    0.019    0.022    0.025    0.030    0.040    0.067    0.085    0.070    0.056    0.045    0.037    0.028    0.020    0.012    0.006    0.001   -0.003   -0.007   -0.010   -0.013   -0.016   -0.018   -0.020   -0.023   -0.024   -0.026   -0.027   -0.028   -0.028   -0.028   -0.027   -0.026   -0.025   -0.023   -0.021   -0.019   -0.017   -0.015   -0.016   -0.015   -0.013   -0.010   -0.006   -0.003   -0.005   -0.005   -0.006   -0.006   -0.006   -0.005   -0.005   -0.003   -0.002   -0.001    0.001    0.003
    0.001    0.002    0.002    0.003    0.003    0.004    0.004    0.005    0.006    0.006    0.008    0.009    0.012    0.021    0.054    0.050    0.042    0.036    0.030    0.024    0.017    0.010    0.005    0.000   -0.004   -0.007   -0.010   -0.012   -0.015   -0.017   -0.019   -0.021   -0.023   -0.024   -0.025   -0.026   -0.026   -0.026   -0.025   -0.024   -0.022   -0.020   -0.018   -0.016   -0.014   -0.013   -0.013   -0.012   -0.009   -0.007   -0.003   -0.001   -0.001   -0.002   -0.002   -0.002   -0.002   -0.002   -0.001   -0.001   -0.001    0.000    0.000    0.001
    0.000    0.000    0.000    0.000    0.000    0.000    0.000    0.000    0.000    0.000    0.000    0.000    0.000    0.000    0.000    0.000    0.000    0.000    0.000    0.000    0.000    0.000    0.000    0.000    0.000    0.000    0.000    0.000    0.000    0.000    0.000    0.000    0.000    0.000    0.000    0.000    0.000    0.000    0.000    0.000    0.000    0.000    0.000    0.000    0.000    0.000    0.000    0.000    0.000    0.000    0.000    0.000    0.000    0.000    0.000    0.000    0.000    0.000    0.000    0.000    0.000    0.000    0.000    0.000
    0.000    0.000    0.000    0.000    0.000    0.000    0.000    0.000    0.000    0.000    0.000    0.000    0.000    0.000    0.000    0.000    0.000    0.000    0.000    0.000    0.000    0.000    0.000    0.000    0.000    0.000    0.000    0.000    0.000    0.000    0.000    0.000    0.000    0.000    0.000    0.000    0.000    0.000    0.000    0.000    0.000    0.000    0.000    0.000    0.000    0.000    0.000    0.000    0.000    0.000    0.000    0.000    0.000    0.000    0.000    0.000    0.000    0.000    0.000    0.000    0.000    0.000    0.000    0.000
    0.000    0.000    0.000    0.000    0.000    0.000    0.000    0.000    0.000    0.000    0.000    0.000    0.000    0.000    0.000    0.000    0.000    0.000    0.000    0.000    0.000    0.000    0.000    0.000    0.000    0.000    0.000    0.000    0.000    0.000    0.000    0.000    0.000    0.000    0.000    0.000    0.000    0.000    0.000    0.000    0.000    0.000    0.000    0.000    0.000    0.000    0.000    0.000    0.000    0.000    0.000    0.000    0.000    0.000    0.000    0.000    0.000    0.000    0.000    0.000    0.000    0.000    0.000    0.000
    0.000    0.000    0.000    0.000    0.000    0.000    0.000    0.000    0.000    0.000    0.000    0.000    0.000    0.000    0.000    0.000    0.000    0.000    0.000    0.000    0.000    0.000    0.000    0.000    0.000    0.000    0.000    0.000    0.000    0.000    0.000    0.000    0.000    0.000    0.000    0.000    0.000    0.000    0.000    0.000    0.000    0.000    0.000    0.000    0.000    0.000    0.000    0.000    0.000    0.000    0.000    0.000    0.000    0.000    0.000    0.000    0.000    0.000    0.000    0.000    0.000    0.000    0.000    0.000
    0.000    0.000    0.000    0.000    0.000    0.000    0.000    0.000    0.000    0.000    0.000    0.000    0.000    0.000    0.000    0.000    0.000    0.000    0.000    0.000    0.000    0.000    0.000    0.000    0.000    0.000    0.000    0.000    0.000    0.000    0.000    0.000    0.000    0.000    0.000    0.000    0.000    0.000    0.000    0.000    0.000    0.000    0.000    0.000    0.000    0.000    0.000    0.000    0.000    0.000    0.000    0.000    0.000    0.000    0.000    0.000    0.000    0.000    0.000    0.000    0.000    0.000    0.000    0.000
    0.000    0.000    0.000    0.000    0.000    0.000    0.000    0.000    0.000    0.000    0.000    0.000    0.000    0.000    0.000    0.000    0.000    0.000    0.000    0.000    0.000    0.000    0.000    0.000    0.000    0.000    0.000    0.000    0.000    0.000    0.000    0.000    0.000    0.000    0.000    0.000    0.000    0.000    0.000    0.000    0.000    0.000    0.000    0.000    0.000    0.000    0.000    0.000    0.000    0.000    0.000    0.000    0.000    0.000    0.000    0.000    0.000    0.000    0.000    0.000    0.000    0.000    0.000    0.000
    0.000    0.000    0.000    0.000    0.000    0.000    0.000    0.000    0.000    0.000    0.000    0.000    0.000    0.000    0.000    0.000    0.000    0.000    0.000    0.000    0.000    0.000    0.000    0.000    0.000    0.000    0.000    0.000    0.000    0.000    0.000    0.000    0.000    0.000    0.000    0.000    0.000    0.000    0.000    0.000    0.000    0.000    0.000    0.000    0.000    0.000    0.000    0.000    0.000    0.000    0.000    0.000    0.000    0.000    0.000    0.000    0.000    0.000    0.000    0.000    0.000    0.000    0.000    0.000
    0.000    0.000    0.000    0.000    0.000    0.000    0.000    0.000    0.000    0.000    0.000    0.000    0.000    0.000    0.000    0.000    0.000    0.000    0.000    0.000    0.000    0.000    0.000    0.000    0.000    0.000    0.000    0.000    0.000    0.000    0.000    0.000    0.000    0.000    0.000    0.000    0.000    0.000    0.000    0.000    0.000    0.000    0.000    0.000    0.000    0.000    0.000    0.000    0.000    0.000    0.000    0.000    0.000    0.000    0.000    0.000    0.000    0.000    0.000    0.000    0.000    0.000    0.000    0.000
    0.000    0.000    0.000    0.000    0.000    0.000    0.000    0.000    0.000    0.000    0.000    0.000    0.000    0.000    0.000    0.000    0.000    0.000    0.000    0.000    0.000    0.000    0.000    0.000    0.000    0.000    0.000    0.000    0.000    0.000    0.000    0.000    0.000    0.000    0.000    0.000    0.000    0.000    0.000    0.000    0.000    0.000    0.000    0.000    0.000    0.000    0.000    0.000    0.000    0.000    0.000    0.000    0.000    0.000    0.000    0.000    0.000    0.000    0.000    0.000    0.000    0.000    0.000    0.000
    0.000    0.000    0.000    0.000    0.000    0.000    0.000    0.000    0.000    0.000    0.000    0.000    0.000    0.000    0.000    0.000    0.000    0.000    0.000    0.000    0.000    0.000    0.000    0.000    0.000    0.000    0.000    0.000    0.000    0.000    0.000    0.000    0.000    0.000    0.000    0.000    0.000    0.000    0.000    0.000    0.000    0.000    0.000    0.000    0.000    0.000    0.000    0.000    0.000    0.000    0.000    0.000    0.000    0.000    0.000    0.000    0.000    0.000    0.000    0.000    0.000    0.000    0.000    0.000
    0.000    0.000    0.000    0.000    0.000    0.000    0.000    0.000    0.000    0.000    0.000    0.000    0.000    0.000    0.000    0.000    0.000    0.000    0.000    0.000    0.000    0.000    0.000    0.000    0.000    0.000    0.000    0.000    0.000    0.000    0.000    0.000    0.000    0.000    0.000    0.000    0.000    0.000    0.000    0.000    0.000    0.000    0.000    0.000    0.000    0.000    0.000    0.000    0.000    0.000    0.000    0.000    0.000    0.000    0.000    0.000    0.000    0.000    0.000    0.000    0.000    0.000    0.000    0.000
    0.000    0.000    0.000    0.000    0.000    0.000    0.000    0.000    0.000    0.000    0.000    0.000    0.000    0.000    0.000    0.000    0.000    0.000    0.000    0.000    0.000    0.000    0.000    0.000    0.000    0.000    0.000    0.000    0.000    0.000    0.000    0.000    0.000    0.000    0.000    0.000    0.000    0.000    0.000    0.000    0.000    0.000    0.000    0.000    0.000    0.000    0.000    0.000    0.000    0.000    0.000    0.000    0.000    0.000    0.000    0.000    0.000    0.000    0.000    0.000    0.000    0.000    0.000    0.000
    0.000    0.000    0.000    0.000    0.000    0.000    0.000    0.000    0.000    0.000    0.000    0.000    0.000    0.000    0.000    0.000    0.000    0.000    0.000    0.000    0.000    0.000    0.000    0.000    0.000    0.000    0.000    0.000    0.000    0.000    0.000    0.000    0.000    0.000    0.000    0.000    0.000    0.000    0.000    0.000    0.000    0.000    0.000    0.000    0.000    0.000    0.000    0.000    0.000    0.000    0.000    0.000    0.000    0.000    0.000    0.000    0.000    0.000    0.000    0.000    0.000    0.000    0.000    0.000
    0.000    0.000    0.000    0.000    0.000    0.000    0.000    0.000    0.000    0.000    0.000    0.000    0.000    0.000    0.000    0.000    0.000    0.000    0.000    0.000    0.000    0.000    0.000    0.000    0.000    0.000    0.000    0.000    0.000    0.000    0.000    0.000    0.000    0.000    0.000    0.000    0.000    0.000    0.000    0.000    0.000    0.000    0.000    0.000    0.000    0.000    0.000    0.000    0.000    0.000    0.000    0.000    0.000    0.000    0.000    0.000    0.000    0.000    0.000    0.000    0.000    0.000    0.000    0.000
    0.000    0.000    0.000    0.000    0.000    0.000    0.000    0.000    0.000    0.000    0.000    0.000    0.000    0.000    0.000    0.000    0.000    0.000    0.000    0.000    0.000    0.000    0.000    0.000    0.000    0.000    0.000    0.000    0.000    0.000    0.000    0.000    0.000    0.000    0.000    0.000    0.000    0.000    0.000    0.000    0.000    0.000    0.000    0.000    0.000    0.000    0.000    0.000    0.000    0.000    0.000    0.000    0.000    0.000    0.000    0.000    0.000    0.000    0.000    0.000    0.000    0.000    0.000    0.000
    0.000    0.000    0.000    0.000    0.000    0.000    0.000    0.000    0.000    0.000    0.000    0.000    0.000    0.000    0.000    0.000    0.000    0.000    0.000    0.000    0.000    0.000    0.000    0.000    0.000    0.000    0.000    0.000    0.000    0.000    0.000    0.000    0.000    0.000    0.000    0.000    0.000    0.000    0.000    0.000    0.000    0.000    0.000    0.000    0.000    0.000    0.000    0.000    0.000    0.000    0.000    0.000    0.000    0.000    0.000    0.000    0.000    0.000    0.000    0.000    0.000    0.000    0.000    0.000
    0.000    0.000    0.000    0.000    0.000    0.000    0.000    0.000    0.000    0.000    0.000    0.000    0.000    0.000    0.000    0.000    0.000    0.000    0.000    0.000    0.000    0.000    0.000    0.000    0.000    0.000    0.000    0.000    0.000    0.000    0.000    0.000    0.000    0.000    0.000    0.000    0.000    0.000    0.000    0.000    0.000    0.000    0.000    0.000    0.000    0.000    0.000    0.000    0.000    0.000    0.000    0.000    0.000    0.000    0.000    0.000    0.000    0.000    0.000    0.000    0.000    0.000    0.000    0.000
    0.000    0.000    0.000    0.000    0.000    0.000    0.000    0.000    0.000    0.000    0.000    0.000    0.000    0.000    0.000    0.000    0.000    0.000    0.000    0.000    0.000    0.000    0.000    0.000    0.000    0.000    0.000    0.000    0.000    0.000    0.000    0.000    0.000    0.000    0.000    0.000    0.000    0.000    0.000    0.000    0.000    0.000    0.000    0.000    0.000    0.000    0.000    0.000    0.000    0.000    0.000    0.000    0.000    0.000    0.000    0.000    0.000    0.000    0.000    0.000    0.000    0.000    0.000    0.000
    0.000    0.000    0.000    0.000    0.000    0.000    0.000    0.000    0.000    0.000    0.000    0.000    0.000    0.000    0.000    0.000    0.000    0.000    0.000    0.000    0.000    0.000    0.000    0.000    0.000    0.000    0.000    0.000    0.000    0.000    0.000    0.000    0.000    0.000    0.000    0.000    0.000    0.000    0.000    0.000    0.000    0.000    0.000    0.000    0.000    0.000    0.000    0.000    0.000    0.000    0.000    0.000    0.000    0.000    0.000    0.000    0.000    0.000    0.000    0.000    0.000    0.000    0.000    0.000
    0.000    0.000    0.000    0.000    0.000    0.000    0.000    0.000    0.000    0.000    0.000    0.000    0.000    0.000    0.000    0.000    0.000    0.000    0.000    0.000    0.000    0.000    0.000    0.000    0.000    0.000    0.000    0.000    0.000    0.000    0.000    0.000    0.000    0.000    0.000    0.000    0.000    0.000    0.000    0.000    0.000    0.000    0.000    0.000    0.000    0.000    0.000    0.000    0.000    0.000    0.000    0.000    0.000    0.000    0.000    0.000    0.000    0.000    0.000    0.000    0.000    0.000    0.000    0.000
    0.000    0.000    0.000    0.000    0.000    0.000    0.000    0.000    0.000    0.000    0.000    0.000    0.000    0.000    0.000    0.000    0.000    0.000    0.000    0.000    0.000    0.000    0.000    0.000    0.000    0.000    0.000    0.000    0.000    0.000    0.000    0.000    0.000    0.000    0.000    0.000    0.000    0.000    0.000    0.000    0.000    0.000    0.000    0.000    0.000    0.000    0.000    0.000    0.000    0.000    0.000    0.000    0.000    0.000    0.000    0.000    0.000    0.000    0.000    0.000    0.000    0.000    0.000    0.000
    0.000    0.000    0.000    0.000    0.000    0.000    0.000    0.000    0.000    0.000    0.000    0.000    0.000    0.000    0.000    0.000    0.000    0.000    0.000    0.000    0.000    0.000    0.000    0.000    0.000    0.000    0.000    0.000    0.000    0.000    0.000    0.000    0.000    0.000    0.000    0.000    0.000    0.000    0.000    0.000    0.000    0.000    0.000    0.000    0.000    0.000    0.000    0.000    0.000    0.000    0.000    0.000    0.000    0.000    0.000    0.000    0.000    0.000    0.000    0.000    0.000    0.000    0.000    0.000
    0.000    0.000    0.000    0.000    0.000    0.000    0.000    0.000    0.000    0.000    0.000    0.000    0.000    0.000    0.000    0.000    0.000    0.000    0.000    0.000    0.000    0.000    0.000    0.000    0.000    0.000    0.000    0.000    0.000    0.000    0.000    0.000    0.000    0.000    0.000    0.000    0.000    0.000    0.000    0.000    0.000    0.000    0.000    0.000    0.000    0.000    0.000    0.000    0.000    0.000    0.000    0.000    0.000    0.000    0.000    0.000    0.000    0.000    0.000    0.000    0.000    0.000    0.000    0.000
    0.000    0.000    0.000    0.000    0.000    0.000    0.000    0.000    0.000    0.000    0.000    0.000    0.000    0.000    0.000    0.000    0.000    0.000    0.000    0.000    0.000    0.000    0.000    0.000    0.000    0.000    0.000    0.000    0.000    0.000    0.000    0.000    0.000    0.000    0.000    0.000    0.000    0.000    0.000    0.000    0.000    0.000    0.000    0.000    0.000    0.000    0.000    0.000    0.000    0.000    0.000    0.000    0.000    0.000    0.000    0.000    0.000    0.000    0.000    0.000    0.000    0.000    0.000    0.000
    0.000    0.000    0.000    0.000    0.000    0.000    0.000    0.000    0.000    0.000    0.000    0.000    0.000    0.000    0.000    0.000    0.000    0.000    0.000    0.000    0.000    0.000    0.000    0.000    0.000    0.000    0.000    0.000    0.000    0.000    0.000    0.000    0.000    0.000    0.000    0.000    0.000    0.000    0.000    0.000    0.000    0.000    0.000    0.000    0.000    0.000    0.000    0.000    0.000    0.000    0.000    0.000    0.000    0.000    0.000    0.000    0.000    0.000    0.000    0.000    0.000    0.000    0.000    0.000
    0.000    0.000    0.000    0.000    0.000    0.000    0.000    0.000    0.000    0.000    0.000    0.000    0.000    0.000    0.000    0.000    0.000    0.000    0.000    0.000    0.000    0.000    0.000    0.000    0.000    0.000    0.000    0.000    0.000    0.000    0.000    0.000    0.000    0.000    0.000    0.000    0.000    0.000    0.000    0.000    0.000    0.000    0.000    0.000    0.000    0.000    0.000    0.000    0.000    0.000    0.000    0.000    0.000    0.000    0.000    0.000    0.000    0.000    0.000    0.000    0.000    0.000    0.000    0.000
    0.000    0.000    0.000    0.000    0.000    0.000    0.000    0.000    0.000    0.000    0.000    0.000    0.000    0.000    0.000    0.000    0.000    0.000    0.000    0.000    0.000    0.000    0.000    0.000    0.000    0.000    0.000    0.000    0.000    0.000    0.000    0.000    0.000    0.000    0.000    0.000    0.000    0.000    0.000    0.000    0.000    0.000    0.000    0.000    0.000    0.000    0.000    0.000    0.000    0.000    0.000    0.000    0.000    0.000    0.000    0.000    0.000    0.000    0.000    0.000    0.000    0.000    0.000    0.000
    0.000    0.000    0.000    0.000    0.000    0.000    0.000    0.000    0.000    0.000    0.000    0.000    0.000    0.000    0.000    0.000    0.000    0.000    0.000    0.000    0.000    0.000    0.000    0.000    0.000    0.000    0.000    0.000    0.000    0.000    0.000    0.000    0.000    0.000    0.000    0.000    0.000    0.000    0.000    0.000    0.000    0.000    0.000    0.000    0.000    0.000    0.000    0.000    0.000    0.000    0.000    0.000    0.000    0.000    0.000    0.000    0.000    0.000    0.000    0.000    0.000    0.000    0.000    0.000
