   1.00   0.10 100.32
   0.98   0.20 100.18
   0.96   0.29 100.06
   0.92   0.38  99.97
   0.88   0.47  99.92
   0.83   0.56  99.90
   0.77   0.63  99.91
   0.71   0.71  99.96
   0.63   0.77 100.04
   0.56   0.83 100.15
   0.47   0.88 100.30
   0.38   0.92 100.47
   0.29   0.96 100.68
   0.20   0.98 100.91
   0.10   1.00 101.17
   0.00   1.00 101.45
  -0.10   1.00 101.75
  -0.20   0.98 102.07
  -0.29   0.96 102.41
  -0.38   0.92 102.76
  -0.47   0.88 103.12
  -0.56   0.83 103.48
  -0.63   0.77 103.85
  -0.71   0.71 104.21
  -0.77   0.63 104.57
  -0.83   0.56 104.93
  -0.88   0.47 105.27
  -0.92   0.38 105.59
  -0.96   0.29 105.90
  -0.98   0.20 106.18
  -1.00   0.10 106.44
  -1.00   0.00 106.67
  -1.00  -0.10 106.87
  -0.98  -0.20 107.03
  -0.96  -0.29 107.16
  -0.92  -0.38 107.25
  -0.88  -0.47 107.31
  -0.83  -0.56 107.32
  -0.77  -0.63 107.30
  -0.71  -0.71 107.24
  -0.63  -0.77 107.14
  -0.56  -0.83 107.01
  -0.47  -0.88 106.84
  -0.38  -0.92 106.64
  -0.29  -0.96 106.41
  -0.20  -0.98 106.15
  -0.10  -1.00 105.87
   0.00  -1.00 105.57
   0.10  -1.00 105.25
   0.20  -0.98 104.91
   0.29  -0.96 104.56
   0.38  -0.92 104.20
   0.47  -0.88 103.84
   0.56  -0.83 103.48
   0.63  -0.77 103.12
   0.71  -0.71 102.77
   0.77  -0.63 102.43
   0.83  -0.56 102.09
   0.88  -0.47 101.78
   0.92  -0.38 101.48
   0.96  -0.29 101.20
   0.98  -0.20 100.94
   1.00  -0.10 100.71
   1.00   0.00 100.50
   1.99   0.20  92.26
   1.96   0.39  91.86
   1.91   0.58  91.55
   1.85   0.77  91.31
   1.76   0.94  91.16
   1.66   1.11  91.09
   1.55   1.27  91.11
   1.41   1.41  91.21
   1.27   1.55  91.40
   1.11   1.66  91.67
   0.94   1.76  92.04
   0.77   1.85  92.48
   0.58   1.91  93.01
   0.39   1.96  93.62
   0.20   1.99  94.31
   0.00   2.00  95.07
  -0.20   1.99  95.89
  -0.39   1.96  96.78
  -0.58   1.91  97.72
  -0.77   1.85  98.71
  -0.94   1.76  99.75
  -1.11   1.66 100.81
  -1.27   1.55 101.89
  -1.41   1.41 102.99
  -1.55   1.27 104.09
  -1.66   1.11 105.17
  -1.76   0.94 106.23
  -1.85   0.77 107.25
  -1.91   0.58 108.22
  -1.96   0.39 109.12
  -1.99   0.20 109.96
  -2.00   0.00 110.70
  -1.99  -0.20 111.35
  -1.96  -0.39 111.88
  -1.91  -0.58 112.30
  -1.85  -0.77 112.60
  -1.76  -0.94 112.77
  -1.66  -1.11 112.81
  -1.55  -1.27 112.71
  -1.41  -1.41 112.49
  -1.27  -1.55 112.15
  -1.11  -1.66 111.70
  -0.94  -1.76 111.13
  -0.77  -1.85 110.46
  -0.58  -1.91 109.70
  -0.39  -1.96 108.86
  -0.20  -1.99 107.96
   0.00  -2.00 107.01
   0.20  -1.99 106.01
   0.39  -1.96 104.98
   0.58  -1.91 103.93
   0.77  -1.85 102.88
   0.94  -1.76 101.84
   1.11  -1.66 100.80
   1.27  -1.55  99.79
   1.41  -1.41  98.81
   1.55  -1.27  97.86
   1.66  -1.11  96.96
   1.76  -0.94  96.10
   1.85  -0.77  95.30
   1.91  -0.58  94.56
   1.96  -0.39  93.88
   1.99  -0.20  93.27
   2.00   0.00  92.73
   2.99   0.29  83.47
   2.94   0.59  82.92
   2.87   0.87  82.47
   2.77   1.15  82.12
   2.65   1.41  81.89
   2.49   1.67  81.77
   2.32   1.90  81.76
   2.12   2.12  81.87
   1.90   2.32  82.10
   1.67   2.49  82.45
   1.41   2.65  82.92
   1.15   2.77  83.52
   0.87   2.87  84.24
   0.59   2.94  85.09
   0.29   2.99  86.06
   0.00   3.00  87.14
  -0.29   2.99  88.33
  -0.59   2.94  89.62
  -0.87   2.87  91.01
  -1.15   2.77  92.49
  -1.41   2.65  94.05
  -1.67   2.49  95.68
  -1.90   2.32  97.36
  -2.12   2.12  99.09
  -2.32   1.90 100.84
  -2.49   1.67 102.59
  -2.65   1.41 104.32
  -2.77   1.15 106.01
  -2.87   0.87 107.64
  -2.94   0.59 109.18
  -2.99   0.29 110.62
  -3.00   0.00 111.90
  -2.99  -0.29 113.03
  -2.94  -0.59 113.97
  -2.87  -0.87 114.70
  -2.77  -1.15 115.21
  -2.65  -1.41 115.49
  -2.49  -1.67 115.54
  -2.32  -1.90 115.35
  -2.12  -2.12 114.94
  -1.90  -2.32 114.30
  -1.67  -2.49 113.46
  -1.41  -2.65 112.44
  -1.15  -2.77 111.25
  -0.87  -2.87 109.91
  -0.59  -2.94 108.46
  -0.29  -2.99 106.93
   0.00  -3.00 105.34
   0.29  -2.99 103.70
   0.59  -2.94 102.04
   0.87  -2.87 100.39
   1.15  -2.77  98.75
   1.41  -2.65  97.15
   1.67  -2.49  95.59
   1.90  -2.32  94.09
   2.12  -2.12  92.65
   2.32  -1.90  91.29
   2.49  -1.67  90.00
   2.65  -1.41  88.80
   2.77  -1.15  87.69
   2.87  -0.87  86.66
   2.94  -0.59  85.72
   2.99  -0.29  84.88
   3.00   0.00  84.13
   3.98   0.39  74.62
   3.92   0.78  74.00
   3.83   1.16  73.50
   3.70   1.53  73.11
   3.53   1.89  72.83
   3.33   2.22  72.65
   3.09   2.54  72.58
   2.83   2.83  72.65
   2.54   3.09  72.85
   2.22   3.33  73.19
   1.89   3.53  73.67
   1.53   3.70  74.29
   1.16   3.83  75.06
   0.78   3.92  75.99
   0.39   3.98  77.06
   0.00   4.00  78.28
  -0.39   3.98  79.65
  -0.78   3.92  81.15
  -1.16   3.83  82.78
  -1.53   3.70  84.53
  -1.89   3.53  86.40
  -2.22   3.33  88.39
  -2.54   3.09  90.47
  -2.83   2.83  92.64
  -3.09   2.54  94.88
  -3.33   2.22  97.15
  -3.53   1.89  99.43
  -3.70   1.53 101.69
  -3.83   1.16 103.90
  -3.92   0.78 106.03
  -3.98   0.39 108.02
  -4.00   0.00 109.84
  -3.98  -0.39 111.44
  -3.92  -0.78 112.79
  -3.83  -1.16 113.84
  -3.70  -1.53 114.57
  -3.53  -1.89 114.95
  -3.33  -2.22 114.99
  -3.09  -2.54 114.68
  -2.83  -2.83 114.04
  -2.54  -3.09 113.07
  -2.22  -3.33 111.81
  -1.89  -3.53 110.29
  -1.53  -3.70 108.56
  -1.16  -3.83 106.67
  -0.78  -3.92 104.65
  -0.39  -3.98 102.53
   0.00  -4.00 100.38
   0.39  -3.98  98.21
   0.78  -3.92  96.07
   1.16  -3.83  93.98
   1.53  -3.70  91.94
   1.89  -3.53  90.00
   2.22  -3.33  88.14
   2.54  -3.09  86.38
   2.83  -2.83  84.74
   3.09  -2.54  83.20
   3.33  -2.22  81.76
   3.53  -1.89  80.43
   3.70  -1.53  79.21
   3.83  -1.16  78.10
   3.92  -0.78  77.08
   3.98  -0.39  76.17
   4.00   0.00  75.34
   4.98   0.49  66.28
   4.90   0.98  65.69
   4.78   1.45  65.18
   4.62   1.91  64.78
   4.41   2.36  64.47
   4.16   2.78  64.23
   3.87   3.17  64.11
   3.54   3.54  64.11
   3.17   3.87  64.23
   2.78   4.16  64.46
   2.36   4.41  64.84
   1.91   4.62  65.38
   1.45   4.78  66.07
   0.98   4.90  66.93
   0.49   4.98  67.94
   0.00   5.00  69.11
  -0.49   4.98  70.45
  -0.98   4.90  71.95
  -1.45   4.78  73.59
  -1.91   4.62  75.38
  -2.36   4.41  77.31
  -2.78   4.16  79.39
  -3.17   3.87  81.61
  -3.54   3.54  83.95
  -3.87   3.17  86.40
  -4.16   2.78  88.95
  -4.41   2.36  91.57
  -4.62   1.91  94.24
  -4.78   1.45  96.91
  -4.90   0.98  99.52
  -4.98   0.49 102.00
  -5.00   0.00 104.29
  -4.98  -0.49 106.33
  -4.90  -0.98 108.04
  -4.78  -1.45 109.38
  -4.62  -1.91 110.31
  -4.41  -2.36 110.78
  -4.16  -2.78 110.80
  -3.87  -3.17 110.34
  -3.54  -3.54 109.44
  -3.17  -3.87 108.13
  -2.78  -4.16 106.45
  -2.36  -4.41 104.46
  -1.91  -4.62 102.23
  -1.45  -4.78  99.84
  -0.98  -4.90  97.33
  -0.49  -4.98  94.78
   0.00  -5.00  92.22
   0.49  -4.98  89.70
   0.98  -4.90  87.29
   1.45  -4.78  84.98
   1.91  -4.62  82.79
   2.36  -4.41  80.75
   2.78  -4.16  78.86
   3.17  -3.87  77.13
   3.54  -3.54  75.54
   3.87  -3.17  74.09
   4.16  -2.78  72.77
   4.41  -2.36  71.55
   4.62  -1.91  70.43
   4.78  -1.45  69.42
   4.90  -0.98  68.50
   4.98  -0.49  67.67
   5.00   0.00  66.94
   5.97   0.59  58.77
   5.88   1.17  58.31
   5.74   1.74  57.90
   5.54   2.30  57.55
   5.29   2.83  57.25
   4.99   3.33  56.98
   4.64   3.81  56.79
   4.24   4.24  56.68
   3.81   4.64  56.64
   3.33   4.99  56.69
   2.83   5.29  56.86
   2.30   5.54  57.19
   1.74   5.74  57.66
   1.17   5.88  58.30
   0.59   5.97  59.12
   0.00   6.00  60.08
  -0.59   5.97  61.22
  -1.17   5.88  62.51
  -1.74   5.74  63.94
  -2.30   5.54  65.53
  -2.83   5.29  67.28
  -3.33   4.99  69.18
  -3.81   4.64  71.22
  -4.24   4.24  73.45
  -4.64   3.81  75.84
  -4.99   3.33  78.40
  -5.29   2.83  81.12
  -5.54   2.30  83.95
  -5.74   1.74  86.87
  -5.88   1.17  89.79
  -5.97   0.59  92.64
  -6.00   0.00  95.30
  -5.97  -0.59  97.71
  -5.88  -1.17  99.76
  -5.74  -1.74 101.37
  -5.54  -2.30 102.48
  -5.29  -2.83 103.03
  -4.99  -3.33 102.99
  -4.64  -3.81 102.36
  -4.24  -4.24 101.17
  -3.81  -4.64  99.49
  -3.33  -4.99  97.42
  -2.83  -5.29  95.02
  -2.30  -5.54  92.39
  -1.74  -5.74  89.62
  -1.17  -5.88  86.77
  -0.59  -5.97  83.96
   0.00  -6.00  81.23
   0.59  -5.97  78.59
   1.17  -5.88  76.13
   1.74  -5.74  73.86
   2.30  -5.54  71.79
   2.83  -5.29  69.95
   3.33  -4.99  68.30
   3.81  -4.64  66.86
   4.24  -4.24  65.59
   4.64  -3.81  64.48
   4.99  -3.33  63.48
   5.29  -2.83  62.58
   5.54  -2.30  61.79
   5.74  -1.74  61.08
   5.88  -1.17  60.42
   5.97  -0.59  59.81
   6.00   0.00  59.26
   6.97   0.69  52.27
   6.87   1.37  52.02
   6.70   2.03  51.79
   6.47   2.68  51.53
   6.17   3.30  51.28
   5.82   3.89  51.01
   5.41   4.44  50.73
   4.95   4.95  50.46
   4.44   5.41  50.20
   3.89   5.82  49.99
   3.30   6.17  49.88
   2.68   6.47  49.87
   2.03   6.70  50.01
   1.37   6.87  50.35
   0.69   6.97  50.82
   0.00   7.00  51.47
  -0.69   6.97  52.28
  -1.37   6.87  53.22
  -2.03   6.70  54.28
  -2.68   6.47  55.49
  -3.30   6.17  56.81
  -3.89   5.82  58.27
  -4.44   5.41  59.89
  -4.95   4.95  61.73
  -5.41   4.44  63.76
  -5.82   3.89  66.06
  -6.17   3.30  68.63
  -6.47   2.68  71.38
  -6.70   2.03  74.32
  -6.87   1.37  77.36
  -6.97   0.69  80.39
  -7.00   0.00  83.29
  -6.97  -0.69  85.95
  -6.87  -1.37  88.28
  -6.70  -2.03  90.14
  -6.47  -2.68  91.40
  -6.17  -3.30  91.97
  -5.82  -3.89  91.83
  -5.41  -4.44  91.01
  -4.95  -4.95  89.53
  -4.44  -5.41  87.53
  -3.89  -5.82  85.12
  -3.30  -6.17  82.37
  -2.68  -6.47  79.46
  -2.03  -6.70  76.46
  -1.37  -6.87  73.50
  -0.69  -6.97  70.67
   0.00  -7.00  68.02
   0.69  -6.97  65.56
   1.37  -6.87  63.33
   2.03  -6.70  61.35
   2.68  -6.47  59.64
   3.30  -6.17  58.24
   3.89  -5.82  57.07
   4.44  -5.41  56.12
   4.95  -4.95  55.39
   5.41  -4.44  54.79
   5.82  -3.89  54.30
   6.17  -3.30  53.90
   6.47  -2.68  53.58
   6.70  -2.03  53.29
   6.87  -1.37  53.03
   6.97  -0.69  52.76
   7.00   0.00  52.50
   7.96   0.78  46.72
   7.85   1.56  46.76
   7.66   2.32  46.76
   7.39   3.06  46.69
   7.06   3.77  46.53
   6.65   4.44  46.23
   6.18   5.08  45.86
   5.66   5.66  45.40
   5.08   6.18  44.90
   4.44   6.65  44.34
   3.77   7.06  43.85
   3.06   7.39  43.42
   2.32   7.66  43.16
   1.56   7.85  43.05
   0.78   7.96  43.14
   0.00   8.00  43.41
  -0.78   7.96  43.81
  -1.56   7.85  44.35
  -2.32   7.66  44.98
  -3.06   7.39  45.65
  -3.77   7.06  46.38
  -4.44   6.65  47.23
  -5.08   6.18  48.23
  -5.66   5.66  49.42
  -6.18   5.08  50.84
  -6.65   4.44  52.58
  -7.06   3.77  54.71
  -7.39   3.06  57.19
  -7.66   2.32  59.94
  -7.85   1.56  62.92
  -7.96   0.78  65.96
  -8.00   0.00  68.91
  -7.96  -0.78  71.75
  -7.85  -1.56  74.26
  -7.66  -2.32  76.28
  -7.39  -3.06  77.62
  -7.06  -3.77  78.19
  -6.65  -4.44  77.94
  -6.18  -5.08  76.88
  -5.66  -5.66  75.14
  -5.08  -6.18  72.83
  -4.44  -6.65  70.11
  -3.77  -7.06  67.14
  -3.06  -7.39  64.13
  -2.32  -7.66  61.18
  -1.56  -7.85  58.37
  -0.78  -7.96  55.78
   0.00  -8.00  53.45
   0.78  -7.96  51.40
   1.56  -7.85  49.65
   2.32  -7.66  48.20
   3.06  -7.39  47.05
   3.77  -7.06  46.20
   4.44  -6.65  45.65
   5.08  -6.18  45.39
   5.66  -5.66  45.35
   6.18  -5.08  45.42
   6.65  -4.44  45.56
   7.06  -3.77  45.78
   7.39  -3.06  46.01
   7.66  -2.32  46.21
   7.85  -1.56  46.38
   7.96  -0.78  46.51
   8.00   0.00  46.63
   8.96   0.88  41.98
   8.83   1.76  42.37
   8.61   2.61  42.63
   8.31   3.44  42.79
   7.94   4.24  42.76
   7.48   5.00  42.52
   6.96   5.71  42.05
   6.36   6.36  41.38
   5.71   6.96  40.54
   5.00   7.48  39.59
   4.24   7.94  38.60
   3.44   8.31  37.67
   2.61   8.61  36.89
   1.76   8.83  36.29
   0.88   8.96  35.95
   0.00   9.00  35.79
  -0.88   8.96  35.80
  -1.76   8.83  35.95
  -2.61   8.61  36.12
  -3.44   8.31  36.25
  -4.24   7.94  36.37
  -5.00   7.48  36.48
  -5.71   6.96  36.69
  -6.36   6.36  37.08
  -6.96   5.71  37.66
  -7.48   5.00  38.60
  -7.94   4.24  40.08
  -8.31   3.44  42.19
  -8.61   2.61  44.62
  -8.83   1.76  47.35
  -8.96   0.88  50.19
  -9.00   0.00  53.06
  -8.96  -0.88  55.90
  -8.83  -1.76  58.55
  -8.61  -2.61  60.68
  -8.31  -3.44  62.10
  -7.94  -4.24  62.62
  -7.48  -5.00  62.21
  -6.96  -5.71  60.92
  -6.36  -6.36  58.87
  -5.71  -6.96  56.23
  -5.00  -7.48  53.28
  -4.24  -7.94  50.24
  -3.44  -8.31  47.28
  -2.61  -8.61  44.60
  -1.76  -8.83  42.29
  -0.88  -8.96  40.27
   0.00  -9.00  38.57
   0.88  -8.96  37.15
   1.76  -8.83  36.01
   2.61  -8.61  35.17
   3.44  -8.31  34.66
   4.24  -7.94  34.49
   5.00  -7.48  34.66
   5.71  -6.96  35.13
   6.36  -6.36  35.84
   6.96  -5.71  36.62
   7.48  -5.00  37.46
   7.94  -4.24  38.30
   8.31  -3.44  39.11
   8.61  -2.61  39.87
   8.83  -1.76  40.49
   8.96  -0.88  41.04
   9.00   0.00  41.54
   9.95   0.98  37.68
   9.81   1.95  38.45
   9.57   2.90  39.11
   9.24   3.83  39.56
   8.82   4.71  39.72
   8.31   5.56  39.51
   7.73   6.34  38.95
   7.07   7.07  38.03
   6.34   7.73  36.83
   5.56   8.31  35.41
   4.71   8.82  33.87
   3.83   9.24  32.33
   2.90   9.57  30.91
   1.95   9.81  29.78
   0.98   9.95  28.96
   0.00  10.00  28.45
  -0.98   9.95  28.15
  -1.95   9.81  27.97
  -2.90   9.57  27.77
  -3.83   9.24  27.43
  -4.71   8.82  26.98
  -5.56   8.31  26.44
  -6.34   7.73  25.84
  -7.07   7.07  25.34
  -7.73   6.34  24.95
  -8.31   5.56  24.98
  -8.82   4.71  25.79
  -9.24   3.83  27.40
  -9.57   2.90  29.42
  -9.81   1.95  31.69
  -9.95   0.98  34.12
 -10.00   0.00  36.68
  -9.95  -0.98  39.40
  -9.81  -1.95  42.15
  -9.57  -2.90  44.42
  -9.24  -3.83  45.90
  -8.82  -4.71  46.35
  -8.31  -5.56  45.75
  -7.73  -6.34  44.12
  -7.07  -7.07  41.71
  -6.34  -7.73  38.73
  -5.56  -8.31  35.60
  -4.71  -8.82  32.60
  -3.83  -9.24  29.93
  -2.90  -9.57  27.86
  -1.95  -9.81  26.40
  -0.98  -9.95  25.24
   0.00 -10.00  24.43
   0.98  -9.95  23.77
   1.95  -9.81  23.32
   2.90  -9.57  23.13
   3.83  -9.24  23.17
   4.71  -8.82  23.60
   5.56  -8.31  24.47
   6.34  -7.73  25.69
   7.07  -7.07  27.11
   7.73  -6.34  28.56
   8.31  -5.56  30.07
   8.82  -4.71  31.53
   9.24  -3.83  32.88
   9.57  -2.90  34.09
   9.81  -1.95  35.17
   9.95  -0.98  36.10
  10.00   0.00  36.91
  10.95   1.08  33.48
  10.79   2.15  34.71
  10.53   3.19  35.83
  10.16   4.21  36.65
   9.70   5.19  37.02
   9.15   6.11  36.88
   8.50   6.98  36.19
   7.78   7.78  35.01
   6.98   8.50  33.38
   6.11   9.15  31.43
   5.19   9.70  29.28
   4.21  10.16  27.05
   3.19  10.53  24.88
   2.15  10.79  23.07
   1.08  10.95  21.83
   0.00  11.00  21.09
  -1.08  10.95  20.64
  -2.15  10.79  20.29
  -3.19  10.53  19.90
  -4.21  10.16  19.26
  -5.19   9.70  18.45
  -6.11   9.15  17.31
  -6.98   8.50  15.97
  -7.78   7.78  14.64
  -8.50   6.98  13.59
  -9.15   6.11  13.27
  -9.70   5.19  13.59
 -10.16   4.21  14.49
 -10.53   3.19  15.95
 -10.79   2.15  17.74
 -10.95   1.08  19.75
 -11.00   0.00  21.93
 -10.95  -1.08  24.20
 -10.79  -2.15  26.50
 -10.53  -3.19  28.64
 -10.16  -4.21  30.09
  -9.70  -5.19  30.51
  -9.15  -6.11  29.72
  -8.50  -6.98  27.75
  -7.78  -7.78  25.08
  -6.98  -8.50  21.96
  -6.11  -9.15  19.11
  -5.19  -9.70  16.82
  -4.21 -10.16  14.93
  -3.19 -10.53  13.53
  -2.15 -10.79  12.62
  -1.08 -10.95  12.26
   0.00 -11.00  12.05
   1.08 -10.95  12.15
   2.15 -10.79  12.42
   3.19 -10.53  12.87
   4.21 -10.16  13.52
   5.19  -9.70  14.30
   6.11  -9.15  15.54
   6.98  -8.50  17.32
   7.78  -7.78  19.36
   8.50  -6.98  21.41
   9.15  -6.11  23.44
   9.70  -5.19  25.40
  10.16  -4.21  27.23
  10.53  -3.19  28.86
  10.79  -2.15  30.23
  10.95  -1.08  31.43
  11.00   0.00  32.45
  11.94   1.18  29.16
  11.77   2.34  30.75
  11.48   3.48  32.44
  11.09   4.59  33.74
  10.58   5.66  34.37
   9.98   6.67  34.29
   9.28   7.61  33.48
   8.49   8.49  31.98
   7.61   9.28  29.85
   6.67   9.98  27.34
   5.66  10.58  24.50
   4.59  11.09  21.53
   3.48  11.48  18.90
   2.34  11.77  16.84
   1.18  11.94  15.19
   0.00  12.00  14.04
  -1.18  11.94  13.51
  -2.34  11.77  13.07
  -3.48  11.48  12.58
  -4.59  11.09  11.80
  -5.66  10.58  10.84
  -6.67   9.98   9.36
  -7.61   9.28   7.43
  -8.49   8.49   5.58
  -9.28   7.61   4.44
  -9.98   6.67   4.33
 -10.58   5.66   4.55
 -11.09   4.59   4.96
 -11.48   3.48   5.77
 -11.77   2.34   7.11
 -11.94   1.18   8.80
 -12.00   0.00  10.63
 -11.94  -1.18  12.41
 -11.77  -2.34  14.13
 -11.48  -3.48  15.74
 -11.09  -4.59  17.07
 -10.58  -5.66  17.49
  -9.98  -6.67  16.68
  -9.28  -7.61  14.72
  -8.49  -8.49  12.28
  -7.61  -9.28   9.81
  -6.67  -9.98   7.84
  -5.66 -10.58   6.36
  -4.59 -11.09   5.28
  -3.48 -11.48   4.49
  -2.34 -11.77   4.07
  -1.18 -11.94   3.94
   0.00 -12.00   4.08
   1.18 -11.94   4.59
   2.34 -11.77   5.36
   3.48 -11.48   6.31
   4.59 -11.09   7.11
   5.66 -10.58   7.88
   6.67  -9.98   9.02
   7.61  -9.28  10.72
   8.49  -8.49  12.82
   9.28  -7.61  15.25
   9.98  -6.67  17.66
  10.58  -5.66  19.94
  11.09  -4.59  22.11
  11.48  -3.48  24.00
  11.77  -2.34  25.54
  11.94  -1.18  26.84
  12.00   0.00  27.95
  12.94   1.27  25.13
  12.75   2.54  26.70
  12.44   3.77  28.65
  12.01   4.97  30.41
  11.46   6.13  31.28
  10.81   7.22  31.29
  10.05   8.25  30.33
   9.19   9.19  28.49
   8.25  10.05  25.90
   7.22  10.81  22.82
   6.13  11.46  19.61
   4.97  12.01  16.68
   3.77  12.44  14.21
   2.54  12.75  12.09
   1.27  12.94  10.23
   0.00  13.00   8.85
  -1.27  12.94   8.07
  -2.54  12.75   7.52
  -3.77  12.44   6.88
  -4.97  12.01   6.08
  -6.13  11.46   4.98
  -7.22  10.81   3.31
  -8.25  10.05   1.20
  -9.19   9.19  -0.60
 -10.05   8.25  -1.40
 -10.81   7.22  -1.43
 -11.46   6.13  -1.29
 -12.01   4.97  -1.19
 -12.44   3.77  -0.81
 -12.75   2.54   0.06
 -12.94   1.27   1.38
 -13.00   0.00   3.01
 -12.94  -1.27   4.48
 -12.75  -2.54   5.79
 -12.44  -3.77   7.02
 -12.01  -4.97   8.11
 -11.46  -6.13   8.54
 -10.81  -7.22   7.90
 -10.05  -8.25   6.41
  -9.19  -9.19   4.56
  -8.25 -10.05   3.02
  -7.22 -10.81   1.88
  -6.13 -11.46   1.09
  -4.97 -12.01   0.56
  -3.77 -12.44   0.18
  -2.54 -12.75   0.04
  -1.27 -12.94   0.08
   0.00 -13.00   0.38
   1.27 -12.94   1.02
   2.54 -12.75   1.96
   3.77 -12.44   2.97
   4.97 -12.01   3.77
   6.13 -11.47   4.53
   7.22 -10.81   5.47
   8.25 -10.05   6.77
   9.19  -9.19   8.47
  10.05  -8.25  10.48
  10.81  -7.22  12.77
  11.46  -6.13  15.19
  12.01  -4.97  17.46
  12.44  -3.77  19.46
  12.75  -2.54  21.06
  12.94  -1.27  22.53
  13.00   0.00  23.82
  13.93   1.37  21.91
  13.73   2.73  23.28
  13.40   4.06  24.84
  12.93   5.36  26.59
  12.35   6.60  27.64
  11.64   7.78  27.64
  10.82   8.88  26.46
   9.90   9.90  24.25
   8.88  10.82  21.26
   7.78  11.64  18.34
   6.60  12.35  15.61
   5.36  12.93  13.21
   4.06  13.40  11.00
   2.73  13.73   8.93
   1.37  13.93   7.17
   0.00  14.00   5.75
  -1.37  13.93   4.81
  -2.73  13.73   4.11
  -4.06  13.40   3.36
  -5.36  12.93   2.48
  -6.60  12.35   1.24
  -7.78  11.64  -0.41
  -8.88  10.82  -2.28
  -9.90   9.90  -3.70
 -10.82   8.88  -4.40
 -11.64   7.78  -4.63
 -12.35   6.60  -4.70
 -12.93   5.36  -4.74
 -13.40   4.06  -4.66
 -13.73   2.73  -4.24
 -13.93   1.37  -3.32
 -14.00   0.00  -1.91
 -13.93  -1.37  -0.43
 -13.73  -2.73   0.76
 -13.40  -4.06   1.74
 -12.93  -5.36   2.67
 -12.35  -6.60   3.11
 -11.64  -7.78   2.72
 -10.82  -8.88   1.71
  -9.90  -9.90   0.57
  -8.88 -10.82  -0.32
  -7.78 -11.64  -0.93
  -6.60 -12.35  -1.31
  -5.36 -12.93  -1.52
  -4.06 -13.40  -1.62
  -2.73 -13.73  -1.56
  -1.37 -13.93  -1.36
   0.00 -14.00  -0.97
   1.37 -13.93  -0.33
   2.73 -13.73   0.51
   4.06 -13.40   1.43
   5.36 -12.93   2.26
   6.60 -12.35   3.07
   7.78 -11.64   3.98
   8.88 -10.82   5.04
   9.90  -9.90   6.32
  10.82  -8.88   7.84
  11.64  -7.78   9.60
  12.35  -6.60  11.60
  12.93  -5.36  13.65
  13.40  -4.06  15.60
  13.73  -2.73  17.39
  13.93  -1.37  19.02
  14.00   0.00  20.54
  14.93   1.47  19.44
  14.71   2.93  20.56
  14.35   4.35  21.59
  13.86   5.74  22.72
  13.23   7.07  23.46
  12.47   8.33  23.22
  11.60   9.52  21.90
  10.61  10.61  19.60
   9.52  11.60  17.16
   8.33  12.47  14.90
   7.07  13.23  12.83
   5.74  13.86  10.85
   4.35  14.35   8.91
   2.93  14.71   7.04
   1.47  14.93   5.41
   0.00  15.00   4.08
  -1.47  14.93   3.10
  -2.93  14.71   2.30
  -4.35  14.35   1.47
  -5.74  13.86   0.50
  -7.07  13.23  -0.71
  -8.33  12.47  -2.16
  -9.52  11.60  -3.66
 -10.61  10.61  -4.81
 -11.60   9.52  -5.52
 -12.47   8.33  -5.95
 -13.23   7.07  -6.23
 -13.86   5.74  -6.49
 -14.35   4.35  -6.73
 -14.71   2.93  -6.74
 -14.93   1.47  -6.22
 -15.00   0.00  -5.04
 -14.93  -1.47  -3.57
 -14.71  -2.93  -2.30
 -14.35  -4.35  -1.30
 -13.86  -5.74  -0.47
 -13.23  -7.07  -0.04
 -12.47  -8.33  -0.22
 -11.60  -9.52  -0.79
 -10.61 -10.61  -1.45
  -9.52 -11.60  -1.92
  -8.33 -12.47  -2.21
  -7.07 -13.23  -2.34
  -5.74 -13.86  -2.35
  -4.35 -14.35  -2.25
  -2.93 -14.71  -2.05
  -1.47 -14.93  -1.75
   0.00 -15.00  -1.31
   1.47 -14.93  -0.73
   2.93 -14.71  -0.03
   4.35 -14.35   0.76
   5.74 -13.86   1.57
   7.07 -13.23   2.42
   8.33 -12.47   3.36
   9.52 -11.60   4.37
  10.61 -10.61   5.47
  11.60  -9.52   6.65
  12.47  -8.33   7.98
  13.23  -7.07   9.56
  13.86  -5.74  11.29
  14.35  -4.35  13.06
  14.71  -2.93  14.85
  14.93  -1.47  16.56
  15.00   0.00  18.14
  15.92   1.57  17.52
  15.69   3.12  18.42
  15.31   4.64  19.01
  14.78   6.12  19.42
  14.11   7.54  19.53
  13.30   8.89  18.98
  12.37  10.15  17.75
  11.31  11.31  16.02
  10.15  12.37  14.28
   8.89  13.30  12.60
   7.54  14.11  10.96
   6.12  14.78   9.22
   4.64  15.31   7.52
   3.12  15.69   5.88
   1.57  15.92   4.42
   0.00  16.00   3.19
  -1.57  15.92   2.19
  -3.12  15.69   1.31
  -4.64  15.31   0.47
  -6.12  14.78  -0.49
  -7.54  14.11  -1.58
  -8.89  13.30  -2.77
 -10.15  12.37  -3.95
 -11.31  11.31  -4.93
 -12.37  10.15  -5.61
 -13.30   8.89  -6.05
 -14.11   7.54  -6.45
 -14.78   6.12  -6.92
 -15.31   4.64  -7.48
 -15.69   3.12  -7.88
 -15.92   1.57  -7.77
 -16.00   0.00  -6.81
 -15.92  -1.57  -5.41
 -15.69  -3.12  -4.07
 -15.31  -4.64  -3.01
 -14.78  -6.12  -2.19
 -14.11  -7.54  -1.75
 -13.30  -8.89  -1.75
 -12.37 -10.15  -2.03
 -11.31 -11.31  -2.37
 -10.15 -12.37  -2.57
  -8.89 -13.30  -2.65
  -7.54 -14.11  -2.62
  -6.12 -14.78  -2.50
  -4.64 -15.31  -2.30
  -3.12 -15.69  -2.01
  -1.57 -15.92  -1.64
   0.00 -16.00  -1.22
   1.57 -15.92  -0.71
   3.12 -15.69  -0.13
   4.64 -15.31   0.55
   6.12 -14.78   1.29
   7.54 -14.11   2.12
   8.89 -13.30   3.08
  10.15 -12.37   4.10
  11.31 -11.31   5.15
  12.37 -10.15   6.21
  13.30  -8.89   7.31
  14.11  -7.54   8.57
  14.78  -6.12   9.99
  15.31  -4.64  11.54
  15.69  -3.12  13.19
  15.92  -1.57  14.83
  16.00   0.00  16.31
  16.92   1.67  15.96
  16.67   3.32  16.67
  16.27   4.93  16.97
  15.71   6.51  16.91
  14.99   8.01  16.49
  14.13   9.44  15.84
  13.14  10.78  14.82
  12.02  12.02  13.65
  10.78  13.14  12.38
   9.44  14.13  11.03
   8.01  14.99   9.62
   6.51  15.71   8.10
   4.93  16.27   6.61
   3.32  16.67   5.18
   1.67  16.92   3.86
   0.00  17.00   2.71
  -1.67  16.92   1.72
  -3.32  16.67   0.83
  -4.93  16.27  -0.03
  -6.51  15.71  -0.93
  -8.01  14.99  -1.88
  -9.44  14.13  -2.86
 -10.78  13.14  -3.79
 -12.02  12.02  -4.60
 -13.14  10.78  -5.17
 -14.13   9.44  -5.50
 -14.99   8.01  -5.80
 -15.71   6.51  -6.34
 -16.27   4.93  -7.13
 -16.67   3.32  -7.89
 -16.92   1.67  -8.13
 -17.00   0.00  -7.46
 -16.92  -1.67  -6.20
 -16.67  -3.32  -4.89
 -16.27  -4.93  -3.79
 -15.71  -6.51  -2.98
 -14.99  -8.01  -2.52
 -14.14  -9.44  -2.39
 -13.14 -10.78  -2.47
 -12.02 -12.02  -2.60
 -10.78 -13.14  -2.65
  -9.44 -14.13  -2.61
  -8.01 -14.99  -2.48
  -6.51 -15.71  -2.28
  -4.93 -16.27  -2.00
  -3.32 -16.67  -1.67
  -1.67 -16.92  -1.30
   0.00 -17.00  -0.89
   1.67 -16.92  -0.45
   3.32 -16.67   0.02
   4.93 -16.27   0.58
   6.51 -15.71   1.23
   8.01 -14.99   2.02
   9.44 -14.14   2.93
  10.78 -13.14   3.94
  12.02 -12.02   5.01
  13.14 -10.78   6.05
  14.13  -9.44   7.05
  14.99  -8.01   8.12
  15.71  -6.51   9.29
  16.27  -4.93  10.61
  16.67  -3.32  12.07
  16.92  -1.67  13.56
  17.00   0.00  14.89
  17.91   1.76  14.70
  17.65   3.51  15.23
  17.22   5.23  15.31
  16.63   6.89  14.97
  15.87   8.49  14.35
  14.97  10.00  13.65
  13.91  11.42  12.90
  12.73  12.73  12.08
  11.42  13.91  11.06
  10.00  14.97   9.91
   8.49  15.87   8.68
   6.89  16.63   7.37
   5.23  17.22   6.06
   3.51  17.65   4.79
   1.76  17.91   3.58
   0.00  18.00   2.49
  -1.76  17.91   1.52
  -3.51  17.65   0.63
  -5.23  17.22  -0.21
  -6.89  16.63  -1.05
  -8.49  15.87  -1.88
 -10.00  14.97  -2.69
 -11.42  13.91  -3.45
 -12.73  12.73  -4.09
 -13.91  11.42  -4.52
 -14.97  10.00  -4.66
 -15.87   8.49  -4.71
 -16.63   6.89  -5.01
 -17.22   5.23  -5.83
 -17.65   3.51  -6.88
 -17.91   1.76  -7.49
 -18.00   0.00  -7.09
 -17.91  -1.76  -6.05
 -17.65  -3.51  -4.94
 -17.22  -5.23  -3.91
 -16.63  -6.89  -3.11
 -15.87  -8.49  -2.63
 -14.97 -10.00  -2.42
 -13.91 -11.42  -2.40
 -12.73 -12.73  -2.40
 -11.42 -13.91  -2.37
 -10.00 -14.97  -2.27
  -8.49 -15.87  -2.11
  -6.89 -16.63  -1.87
  -5.23 -17.22  -1.55
  -3.51 -17.65  -1.21
  -1.76 -17.91  -0.84
   0.00 -18.00  -0.46
   1.76 -17.91  -0.09
   3.51 -17.65   0.30
   5.23 -17.22   0.75
   6.89 -16.63   1.31
   8.49 -15.87   2.01
  10.00 -14.97   2.86
  11.42 -13.91   3.84
  12.73 -12.73   4.90
  13.91 -11.42   5.97
  14.97 -10.00   6.92
  15.87  -8.49   7.86
  16.63  -6.89   8.87
  17.22  -5.23  10.00
  17.65  -3.51  11.27
  17.91  -1.76  12.57
  18.00   0.00  13.77
  18.91   1.86  13.63
  18.63   3.71  13.99
  18.18   5.52  13.88
  17.55   7.27  13.40
  16.76   8.96  12.75
  15.80  10.56  12.12
  14.69  12.05  11.55
  13.44  13.44  10.98
  12.05  14.69  10.12
  10.56  15.80   9.13
   8.96  16.76   8.06
   7.27  17.55   6.93
   5.52  18.18   5.77
   3.71  18.63   4.62
   1.86  18.91   3.50
   0.00  19.00   2.45
  -1.86  18.91   1.50
  -3.71  18.63   0.63
  -5.52  18.18  -0.20
  -7.27  17.55  -0.98
  -8.96  16.76  -1.71
 -10.56  15.80  -2.42
 -12.05  14.69  -3.05
 -13.44  13.44  -3.55
 -14.69  12.05  -3.82
 -15.80  10.56  -3.76
 -16.76   8.96  -3.45
 -17.55   7.27  -3.26
 -18.18   5.52  -3.83
 -18.63   3.71  -5.04
 -18.91   1.86  -5.94
 -19.00   0.00  -5.77
 -18.91  -1.86  -5.07
 -18.63  -3.71  -4.34
 -18.18  -5.52  -3.53
 -17.55  -7.27  -2.82
 -16.76  -8.96  -2.34
 -15.80 -10.56  -2.10
 -14.69 -12.05  -2.01
 -13.44 -13.43  -1.95
 -12.05 -14.69  -1.88
 -10.56 -15.80  -1.77
  -8.96 -16.76  -1.60
  -7.27 -17.55  -1.36
  -5.52 -18.18  -1.05
  -3.71 -18.63  -0.71
  -1.86 -18.91  -0.36
   0.00 -19.00  -0.02
   1.86 -18.91   0.30
   3.71 -18.63   0.62
   5.52 -18.18   0.99
   7.27 -17.55   1.46
   8.96 -16.76   2.07
  10.56 -15.80   2.83
  12.05 -14.69   3.73
  13.43 -13.44   4.76
  14.69 -12.05   5.89
  15.80 -10.56   6.80
  16.76  -8.96   7.66
  17.55  -7.27   8.57
  18.18  -5.52   9.57
  18.63  -3.71  10.68
  18.91  -1.86  11.81
  19.00   0.00  12.86
  19.90   1.96  12.75
  19.62   3.90  12.99
  19.14   5.81  12.79
  18.48   7.65  12.29
  17.64   9.43  11.70
  16.63  11.11  11.17
  15.46  12.69  10.69
  14.14  14.14  10.22
  12.69  15.46   9.48
  11.11  16.63   8.63
   9.43  17.64   7.70
   7.65  18.48   6.70
   5.81  19.14   5.66
   3.90  19.62   4.60
   1.96  19.90   3.56
   0.00  20.00   2.55
  -1.96  19.90   1.62
  -3.90  19.62   0.76
  -5.81  19.14  -0.04
  -7.65  18.48  -0.78
  -9.43  17.64  -1.44
 -11.11  16.63  -2.09
 -12.69  15.46  -2.63
 -14.14  14.14  -2.99
 -15.46  12.69  -3.13
 -16.63  11.11  -2.92
 -17.64   9.43  -2.26
 -18.48   7.65  -1.47
 -19.14   5.81  -1.50
 -19.62   3.90  -2.57
 -19.90   1.96  -3.69
 -20.00   0.00  -3.78
 -19.90  -1.96  -3.50
 -19.62  -3.90  -3.22
 -19.14  -5.81  -2.75
 -18.48  -7.65  -2.20
 -17.64  -9.43  -1.77
 -16.63 -11.11  -1.54
 -15.46 -12.69  -1.44
 -14.14 -14.14  -1.39
 -12.69 -15.46  -1.32
 -11.11 -16.63  -1.22
  -9.43 -17.64  -1.06
  -7.65 -18.48  -0.83
  -5.81 -19.14  -0.55
  -3.90 -19.62  -0.23
  -1.96 -19.90   0.09
   0.00 -20.00   0.40
   1.96 -19.90   0.67
   3.90 -19.62   0.94
   5.81 -19.14   1.23
   7.65 -18.48   1.62
   9.43 -17.64   2.15
  11.11 -16.63   2.82
  12.69 -15.46   3.63
  14.14 -14.14   4.59
  15.46 -12.69   5.68
  16.63 -11.11   6.53
  17.64  -9.43   7.34
  18.48  -7.65   8.20
  19.14  -5.81   9.13
  19.62  -3.90  10.14
  19.90  -1.96  11.17
  20.00   0.00  12.10
  20.90   2.06  11.97
  20.60   4.10  12.15
  20.10   6.10  11.94
  19.40   8.04  11.50
  18.52   9.90  11.01
  17.46  11.67  10.56
  16.23  13.32  10.14
  14.85  14.85   9.72
  13.32  16.23   9.07
  11.67  17.46   8.33
   9.90  18.52   7.52
   8.04  19.40   6.64
   6.10  20.10   5.68
   4.10  20.60   4.70
   2.06  20.90   3.72
   0.00  21.00   2.75
  -2.06  20.90   1.84
  -4.10  20.60   1.01
  -6.10  20.10   0.24
  -8.04  19.40  -0.47
  -9.90  18.52  -1.12
 -11.67  17.46  -1.73
 -13.32  16.23  -2.19
 -14.85  14.85  -2.44
 -16.23  13.32  -2.45
 -17.46  11.67  -2.13
 -18.52   9.90  -1.26
 -19.40   8.04   0.08
 -20.10   6.10   0.77
 -20.60   4.10   0.10
 -20.90   2.06  -1.06
 -21.00   0.00  -1.45
 -20.90  -2.06  -1.60
 -20.60  -4.10  -1.81
 -20.10  -6.10  -1.66
 -19.40  -8.04  -1.31
 -18.52  -9.90  -1.00
 -17.46 -11.67  -0.83
 -16.23 -13.32  -0.78
 -14.85 -14.85  -0.77
 -13.32 -16.23  -0.73
 -11.67 -17.46  -0.67
  -9.90 -18.52  -0.54
  -8.04 -19.40  -0.33
  -6.10 -20.10  -0.08
  -4.10 -20.60   0.20
  -2.06 -20.90   0.48
   0.00 -21.00   0.74
   2.06 -20.90   0.98
   4.10 -20.60   1.21
   6.10 -20.10   1.46
   8.04 -19.40   1.79
   9.90 -18.52   2.23
  11.67 -17.46   2.81
  13.32 -16.23   3.54
  14.85 -14.85   4.40
  16.23 -13.32   5.39
  17.46 -11.67   6.18
  18.52  -9.90   6.94
  19.40  -8.04   7.74
  20.10  -6.10   8.63
  20.60  -4.10   9.59
  20.90  -2.06  10.55
  21.00   0.00  11.40
  21.89   2.16  11.24
  21.58   4.29  11.42
  21.05   6.39  11.27
  20.33   8.42  10.93
  19.40  10.37  10.52
  18.29  12.22  10.15
  17.01  13.96   9.79
  15.56  15.56   9.39
  13.96  17.01   8.83
  12.22  18.29   8.17
  10.37  19.40   7.46
   8.42  20.33   6.67
   6.39  21.05   5.80
   4.29  21.58   4.88
   2.16  21.89   3.95
   0.00  22.00   3.03
  -2.16  21.89   2.15
  -4.29  21.58   1.34
  -6.39  21.05   0.59
  -8.42  20.33  -0.09
 -10.37  19.40  -0.76
 -12.22  18.29  -1.35
 -13.96  17.01  -1.74
 -15.56  15.56  -1.85
 -17.01  13.96  -1.75
 -18.29  12.22  -1.39
 -19.40  10.37  -0.52
 -20.33   8.42   1.16
 -21.05   6.39   2.59
 -21.58   4.29   2.48
 -21.89   2.16   1.52
 -22.00   0.00   0.82
 -21.89  -2.16   0.30
 -21.58  -4.29  -0.24
 -21.05  -6.39  -0.37
 -20.33  -8.42  -0.22
 -19.40 -10.37  -0.06
 -18.29 -12.22  -0.03
 -17.01 -13.96  -0.09
 -15.56 -15.56  -0.15
 -13.96 -17.01  -0.16
 -12.22 -18.29  -0.14
 -10.37 -19.40  -0.05
  -8.42 -20.33   0.12
  -6.39 -21.05   0.34
  -4.29 -21.58   0.56
  -2.16 -21.89   0.80
   0.00 -22.00   1.02
   2.16 -21.89   1.22
   4.29 -21.58   1.43
   6.39 -21.05   1.65
   8.42 -20.33   1.93
  10.37 -19.40   2.32
  12.22 -18.29   2.81
  13.96 -17.01   3.44
  15.56 -15.56   4.19
  17.01 -13.96   5.07
  18.29 -12.22   5.79
  19.40 -10.37   6.49
  20.33  -8.42   7.24
  21.05  -6.39   8.08
  21.58  -4.29   8.99
  21.89  -2.16   9.90
  22.00   0.00  10.70
  22.89   2.25  10.55
  22.56   4.49  10.79
  22.01   6.68  10.73
  21.25   8.80  10.48
  20.28  10.84  10.18
  19.12  12.78   9.87
  17.78  14.59   9.56
  16.26  16.26   9.18
  14.59  17.78   8.68
  12.78  19.12   8.11
  10.84  20.28   7.48
   8.80  21.25   6.76
   6.68  22.01   5.95
   4.49  22.56   5.08
   2.25  22.89   4.21
   0.00  23.00   3.34
  -2.25  22.89   2.51
  -4.49  22.56   1.73
  -6.68  22.01   1.00
  -8.80  21.25   0.32
 -10.84  20.28  -0.35
 -12.78  19.12  -0.92
 -14.59  17.78  -1.26
 -16.26  16.26  -1.24
 -17.78  14.59  -1.05
 -19.12  12.78  -0.74
 -20.28  10.84   0.05
 -21.25   8.80   1.79
 -22.01   6.68   3.69
 -22.56   4.49   4.10
 -22.89   2.25   3.43
 -23.00   0.00   2.66
 -22.89  -2.25   1.98
 -22.56  -4.49   1.30
 -22.01  -6.68   1.01
 -21.25  -8.80   0.99
 -20.28 -10.84   0.96
 -19.12 -12.78   0.81
 -17.78 -14.59   0.62
 -16.26 -16.26   0.47
 -14.59 -17.78   0.38
 -12.78 -19.12   0.35
 -10.84 -20.28   0.39
  -8.80 -21.25   0.52
  -6.68 -22.01   0.69
  -4.49 -22.56   0.87
  -2.25 -22.89   1.05
   0.00 -23.00   1.23
   2.25 -22.89   1.40
   4.49 -22.56   1.59
   6.68 -22.01   1.79
   8.80 -21.25   2.04
  10.84 -20.28   2.38
  12.78 -19.12   2.80
  14.59 -17.78   3.34
  16.26 -16.26   3.98
  17.78 -14.59   4.73
  19.12 -12.78   5.38
  20.28 -10.84   6.02
  21.25  -8.80   6.72
  22.01  -6.68   7.51
  22.56  -4.49   8.37
  22.89  -2.25   9.24
  23.00   0.00  10.01
  23.88   2.35   9.91
  23.54   4.68  10.21
  22.97   6.97  10.25
  22.17   9.18  10.11
  21.17  11.31   9.90
  19.96  13.33   9.67
  18.55  15.23   9.40
  16.97  16.97   9.05
  15.23  18.55   8.60
  13.33  19.96   8.09
  11.31  21.17   7.52
   9.18  22.17   6.87
   6.97  22.97   6.11
   4.68  23.54   5.29
   2.35  23.88   4.47
   0.00  24.00   3.66
  -2.35  23.88   2.88
  -4.68  23.54   2.15
  -6.97  22.97   1.45
  -9.18  22.17   0.79
 -11.31  21.17   0.16
 -13.33  19.96  -0.45
 -15.23  18.55  -0.72
 -16.97  16.97  -0.63
 -18.55  15.23  -0.37
 -19.96  13.33  -0.14
 -21.17  11.31   0.49
 -22.17   9.18   2.08
 -22.97   6.97   4.05
 -23.54   4.68   4.72
 -23.88   2.35   4.42
 -24.00   0.00   3.81
 -23.88  -2.35   3.13
 -23.54  -4.68   2.52
 -22.97  -6.97   2.28
 -22.17  -9.18   2.15
 -21.17 -11.31   1.94
 -19.96 -13.33   1.60
 -18.55 -15.23   1.28
 -16.97 -16.97   1.04
 -15.23 -18.55   0.87
 -13.33 -19.96   0.78
 -11.31 -21.17   0.78
  -9.18 -22.17   0.86
  -6.97 -22.97   0.98
  -4.68 -23.54   1.10
  -2.35 -23.88   1.25
   0.00 -24.00   1.38
   2.35 -23.88   1.53
   4.68 -23.54   1.70
   6.97 -22.97   1.89
   9.18 -22.17   2.12
  11.31 -21.17   2.42
  13.33 -19.96   2.79
  15.23 -18.55   3.24
  16.97 -16.97   3.78
  18.55 -15.23   4.40
  19.96 -13.33   4.97
  21.17 -11.31   5.56
  22.17  -9.18   6.21
  22.97  -6.97   6.94
  23.54  -4.68   7.76
  23.88  -2.35   8.59
  24.00   0.00   9.35
  24.88   2.45   9.30
  24.52   4.88   9.67
  23.92   7.26   9.81
  23.10   9.57   9.78
  22.05  11.78   9.66
  20.79  13.89   9.50
  19.33  15.86   9.28
  17.68  17.68   8.95
  15.86  19.33   8.54
  13.89  20.79   8.08
  11.78  22.05   7.57
   9.57  23.10   6.95
   7.26  23.92   6.25
   4.88  24.52   5.47
   2.45  24.88   4.70
   0.00  25.00   3.97
  -2.45  24.88   3.25
  -4.88  24.52   2.58
  -7.26  23.92   1.93
  -9.57  23.10   1.35
 -11.78  22.05   0.73
 -13.89  20.79   0.11
 -15.86  19.33  -0.12
 -17.68  17.68  -0.01
 -19.33  15.86   0.25
 -20.79  13.89   0.40
 -22.05  11.78   0.87
 -23.10   9.57   2.20
 -23.92   7.26   3.93
 -24.52   4.88   4.54
 -24.88   2.45   4.39
 -25.00   0.00   4.01
 -24.88  -2.45   3.56
 -24.52  -4.88   3.19
 -23.92  -7.26   3.04
 -23.10  -9.57   2.91
 -22.05 -11.78   2.64
 -20.79 -13.89   2.20
 -19.33 -15.86   1.83
 -17.68 -17.68   1.53
 -15.86 -19.33   1.31
 -13.89 -20.79   1.14
 -11.78 -22.05   1.10
  -9.57 -23.10   1.13
  -7.26 -23.92   1.19
  -4.88 -24.52   1.28
  -2.45 -24.88   1.38
   0.00 -25.00   1.49
   2.45 -24.88   1.61
   4.88 -24.52   1.77
   7.26 -23.92   1.95
   9.57 -23.10   2.16
  11.78 -22.05   2.44
  13.89 -20.79   2.77
  15.86 -19.33   3.15
  17.68 -17.68   3.59
  19.33 -15.86   4.09
  20.79 -13.89   4.59
  22.05 -11.79   5.12
  23.10  -9.57   5.73
  23.92  -7.26   6.41
  24.52  -4.88   7.18
  24.88  -2.45   7.97
  25.00   0.00   8.71
  25.87   2.55   8.73
  25.50   5.07   9.15
  24.88   7.55   9.38
  24.02   9.95   9.46
  22.93  12.26   9.43
  21.62  14.44   9.33
  20.10  16.49   9.17
  18.38  18.38   8.86
  16.49  20.10   8.49
  14.44  21.62   8.06
  12.26  22.93   7.59
   9.95  24.02   7.01
   7.55  24.88   6.34
   5.07  25.50   5.63
   2.55  25.87   4.91
   0.00  26.00   4.26
  -2.55  25.87   3.62
  -5.07  25.50   2.99
  -7.55  24.88   2.47
  -9.95  24.02   1.97
 -12.26  22.93   1.44
 -14.44  21.62   0.79
 -16.49  20.10   0.53
 -18.38  18.38   0.57
 -20.10  16.49   0.80
 -21.62  14.44   0.88
 -22.93  12.26   1.19
 -24.02   9.95   2.20
 -24.88   7.55   3.64
 -25.50   5.07   3.94
 -25.87   2.55   3.82
 -26.00   0.00   3.60
 -25.87  -2.55   3.34
 -25.50  -5.07   3.09
 -24.88  -7.55   2.98
 -24.02  -9.95   2.96
 -22.93 -12.26   2.84
 -21.62 -14.44   2.50
 -20.10 -16.49   2.16
 -18.38 -18.38   1.88
 -16.49 -20.10   1.63
 -14.44 -21.62   1.42
 -12.26 -22.93   1.32
  -9.95 -24.02   1.30
  -7.55 -24.88   1.32
  -5.07 -25.50   1.37
  -2.55 -25.87   1.45
   0.00 -26.00   1.53
   2.55 -25.87   1.66
   5.07 -25.50   1.81
   7.55 -24.88   1.98
   9.95 -24.02   2.19
  12.26 -22.93   2.45
  14.44 -21.62   2.73
  16.49 -20.10   3.06
  18.38 -18.38   3.43
  20.10 -16.49   3.82
  21.62 -14.44   4.25
  22.93 -12.26   4.74
  24.02  -9.95   5.29
  24.88  -7.55   5.93
  25.50  -5.07   6.64
  25.87  -2.55   7.40
  26.00   0.00   8.12
  26.87   2.65   8.19
  26.48   5.27   8.66
  25.84   7.84   8.96
  24.94  10.33   9.12
  23.81  12.73   9.16
  22.45  15.00   9.12
  20.87  17.13   9.03
  19.09  19.09   8.74
  17.13  20.87   8.42
  15.00  22.45   7.98
  12.73  23.81   7.57
  10.33  24.94   7.03
   7.84  25.84   6.41
   5.27  26.48   5.74
   2.65  26.87   5.09
   0.00  27.00   4.51
  -2.65  26.87   3.94
  -5.27  26.48   3.39
  -7.84  25.84   3.08
 -10.33  24.94   2.58
 -12.73  23.81   2.13
 -15.00  22.45   1.50
 -17.13  20.87   1.16
 -19.09  19.09   1.11
 -20.87  17.13   1.26
 -22.45  15.00   1.28
 -23.81  12.73   1.39
 -24.94  10.33   2.18
 -25.84   7.84   3.14
 -26.48   5.27   3.37
 -26.87   2.65   3.27
 -27.00   0.00   3.13
 -26.87  -2.65   2.93
 -26.48  -5.27   2.73
 -25.84  -7.84   2.62
 -24.94 -10.33   2.52
 -23.81 -12.73   2.38
 -22.45 -15.00   2.39
 -20.87 -17.13   2.27
 -19.09 -19.09   2.06
 -17.13 -20.87   1.83
 -15.00 -22.45   1.59
 -12.73 -23.81   1.44
 -10.33 -24.94   1.37
  -7.84 -25.84   1.36
  -5.27 -26.48   1.38
  -2.65 -26.87   1.45
   0.00 -27.00   1.53
   2.65 -26.87   1.65
   5.27 -26.48   1.81
   7.84 -25.84   1.98
  10.33 -24.94   2.18
  12.73 -23.81   2.43
  15.00 -22.45   2.69
  17.13 -20.87   2.98
  19.09 -19.09   3.30
  20.87 -17.13   3.59
  22.45 -15.00   3.96
  23.81 -12.73   4.40
  24.94 -10.33   4.91
  25.84  -7.84   5.50
  26.48  -5.27   6.16
  26.87  -2.65   6.88
  27.00   0.00   7.58
  27.87   2.74   7.68
  27.46   5.46   8.18
  26.79   8.13   8.53
  25.87  10.72   8.75
  24.69  13.20   8.86
  23.28  15.56   8.87
  21.64  17.76   8.84
  19.80  19.80   8.58
  17.76  21.64   8.29
  15.56  23.28   7.85
  13.20  24.69   7.48
  10.72  25.87   6.99
   8.13  26.79   6.39
   5.46  27.46   5.80
   2.74  27.87   5.20
   0.00  28.00   4.67
  -2.74  27.87   4.21
  -5.46  27.46   3.75
  -8.13  26.79   3.58
 -10.72  25.87   3.05
 -13.20  24.69   2.66
 -15.56  23.28   2.09
 -17.76  21.64   1.72
 -19.80  19.80   1.60
 -21.64  17.76   1.60
 -23.28  15.56   1.56
 -24.69  13.20   1.52
 -25.87  10.72   2.14
 -26.79   8.13   2.76
 -27.46   5.46   2.85
 -27.87   2.74   2.76
 -28.00   0.00   2.64
 -27.87  -2.74   2.49
 -27.46  -5.46   2.32
 -26.79  -8.13   2.19
 -25.87 -10.72   2.07
 -24.69 -13.20   1.88
 -23.28 -15.56   1.78
 -21.64 -17.76   1.96
 -19.80 -19.80   1.96
 -17.76 -21.64   1.81
 -15.56 -23.28   1.62
 -13.20 -24.69   1.44
 -10.72 -25.87   1.35
  -8.13 -26.79   1.32
  -5.46 -27.46   1.33
  -2.74 -27.87   1.39
   0.00 -28.00   1.47
   2.74 -27.87   1.61
   5.46 -27.46   1.78
   8.13 -26.79   1.96
  10.72 -25.87   2.16
  13.20 -24.69   2.40
  15.56 -23.28   2.65
  17.76 -21.64   2.91
  19.80 -19.80   3.18
  21.64 -17.76   3.39
  23.28 -15.56   3.72
  24.69 -13.20   4.12
  25.87 -10.72   4.58
  26.79  -8.13   5.13
  27.46  -5.46   5.74
  27.87  -2.74   6.40
  28.00   0.00   7.07
  28.86   2.84   7.19
  28.44   5.66   7.69
  27.75   8.42   8.08
  26.79  11.10   8.35
  25.58  13.67   8.51
  24.11  16.11   8.56
  22.42  18.40   8.58
  20.51  20.51   8.34
  18.40  22.42   8.06
  16.11  24.11   7.66
  13.67  25.58   7.32
  11.10  26.79   6.86
   8.42  27.75   6.30
   5.66  28.44   5.78
   2.84  28.86   5.24
   0.00  29.00   4.73
  -2.84  28.86   4.27
  -5.66  28.44   3.90
  -8.42  27.75   3.74
 -11.10  26.79   3.24
 -13.67  25.58   2.88
 -16.11  24.11   2.38
 -18.40  22.42   2.02
 -20.51  20.51   1.85
 -22.42  18.40   1.77
 -24.11  16.11   1.71
 -25.58  13.67   1.64
 -26.79  11.10   2.04
 -27.75   8.42   2.37
 -28.44   5.66   2.39
 -28.86   2.84   2.31
 -29.00   0.00   2.20
 -28.86  -2.84   2.09
 -28.44  -5.66   1.95
 -27.75  -8.42   1.83
 -26.79 -11.10   1.69
 -25.58 -13.67   1.50
 -24.11 -16.11   1.33
 -22.42 -18.40   1.35
 -20.51 -20.51   1.55
 -18.40 -22.42   1.55
 -16.11 -24.11   1.46
 -13.67 -25.58   1.31
 -11.10 -26.79   1.25
  -8.42 -27.75   1.22
  -5.66 -28.44   1.23
  -2.84 -28.86   1.30
   0.00 -29.00   1.38
   2.84 -28.86   1.54
   5.66 -28.44   1.72
   8.42 -27.75   1.90
  11.10 -26.79   2.10
  13.67 -25.58   2.32
  16.11 -24.11   2.56
  18.40 -22.42   2.80
  20.51 -20.51   3.03
  22.42 -18.40   3.21
  24.11 -16.11   3.50
  25.58 -13.67   3.87
  26.79 -11.10   4.30
  27.75  -8.42   4.80
  28.44  -5.66   5.36
  28.86  -2.84   5.97
  29.00   0.00   6.60
  29.86   2.94   6.66
  29.42   5.85   7.16
  28.71   8.71   7.57
  27.72  11.48   7.87
  26.46  14.14   8.06
  24.94  16.67   8.14
  23.19  19.03   8.19
  21.21  21.21   8.02
  19.03  23.19   7.76
  16.67  24.94   7.43
  14.14  26.46   7.10
  11.48  27.72   6.69
   8.71  28.71   6.18
   5.85  29.42   5.67
   2.94  29.86   5.15
   0.00  30.00   4.64
  -2.94  29.86   4.15
  -5.85  29.42   3.74
  -8.71  28.71   3.48
 -11.48  27.72   3.09
 -14.14  26.46   2.78
 -16.67  24.94   2.40
 -19.03  23.19   2.07
 -21.21  21.21   1.88
 -23.19  19.03   1.77
 -24.94  16.67   1.69
 -26.46  14.14   1.66
 -27.72  11.48   1.87
 -28.71   8.71   2.04
 -29.42   5.85   2.03
 -29.86   2.94   1.96
 -30.00   0.00   1.87
 -29.86  -2.94   1.77
 -29.42  -5.85   1.66
 -28.71  -8.71   1.54
 -27.72 -11.48   1.42
 -26.46 -14.14   1.26
 -24.94 -16.67   1.11
 -23.19 -19.03   1.02
 -21.21 -21.21   1.13
 -19.03 -23.19   1.23
 -16.67 -24.94   1.21
 -14.14 -26.46   1.16
 -11.48 -27.72   1.14
  -8.71 -28.71   1.13
  -5.85 -29.42   1.14
  -2.94 -29.86   1.20
   0.00 -30.00   1.28
   2.94 -29.86   1.42
   5.85 -29.42   1.58
   8.71 -28.71   1.74
  11.48 -27.72   1.91
  14.14 -26.46   2.11
  16.67 -24.94   2.34
  19.03 -23.19   2.58
  21.21 -21.21   2.81
  23.19 -19.03   2.99
  24.94 -16.67   3.27
  26.46 -14.14   3.61
  27.72 -11.48   4.01
  28.71  -8.71   4.46
  29.42  -5.85   4.98
  29.86  -2.94   5.53
  30.00   0.00   6.11
  30.85   3.04   5.19
  30.40   6.05   5.65
  29.67   9.00   6.05
  28.64  11.86   6.36
  27.34  14.61   6.59
  25.78  17.22   6.70
  23.96  19.67   6.79
  21.92  21.92   6.84
  19.67  23.96   6.84
  17.22  25.78   6.69
  14.61  27.34   6.43
  11.86  28.64   6.09
   9.00  29.67   5.68
   6.05  30.40   5.22
   3.04  30.85   4.74
   0.00  31.00   4.25
  -3.04  30.85   3.78
  -6.05  30.40   3.36
  -9.00  29.67   2.99
 -11.86  28.64   2.67
 -14.61  27.34   2.40
 -17.22  25.78   2.17
 -19.67  23.96   1.97
 -21.92  21.92   1.80
 -23.96  19.67   1.68
 -25.78  17.22   1.59
 -27.34  14.61   1.54
 -28.64  11.86   1.51
 -29.67   9.00   1.49
 -30.40   6.05   1.46
 -30.85   3.04   1.41
 -31.00   0.00   1.35
 -30.85  -3.04   1.27
 -30.40  -6.05   1.20
 -29.67  -9.00   1.11
 -28.64 -11.86   1.02
 -27.34 -14.61   0.93
 -25.78 -17.22   0.84
 -23.96 -19.67   0.77
 -21.92 -21.92   0.72
 -19.67 -23.96   0.71
 -17.22 -25.78   0.72
 -14.61 -27.34   0.74
 -11.86 -28.64   0.77
  -9.00 -29.67   0.81
  -6.05 -30.40   0.85
  -3.04 -30.85   0.89
   0.00 -31.00   0.95
   3.04 -30.85   1.01
   6.05 -30.40   1.09
   9.00 -29.67   1.18
  11.86 -28.64   1.28
  14.61 -27.34   1.41
  17.22 -25.78   1.58
  19.67 -23.96   1.78
  21.92 -21.92   2.02
  23.96 -19.67   2.31
  25.78 -17.22   2.65
  27.34 -14.61   2.97
  28.64 -11.86   3.28
  29.67  -9.00   3.59
  30.40  -6.05   3.94
  30.85  -3.04   4.32
  31.00   0.00   4.74
  31.85   3.14   4.99
  31.39   6.24   5.41
  30.62   9.29   5.78
  29.56  12.25   6.07
  28.22  15.08   6.28
  26.61  17.78   6.40
  24.74  20.30   6.51
  22.63  22.63   6.61
  20.30  24.74   6.72
  17.78  26.61   6.61
  15.08  28.22   6.36
  12.25  29.56   6.02
   9.29  30.62   5.61
   6.24  31.39   5.16
   3.14  31.85   4.68
   0.00  32.00   4.20
  -3.14  31.85   3.74
  -6.24  31.39   3.33
  -9.29  30.62   2.96
 -12.25  29.56   2.63
 -15.08  28.22   2.36
 -17.78  26.61   2.13
 -20.30  24.74   1.94
 -22.63  22.63   1.77
 -24.74  20.30   1.64
 -26.61  17.78   1.55
 -28.22  15.08   1.49
 -29.56  12.25   1.46
 -30.62   9.29   1.43
 -31.39   6.24   1.40
 -31.85   3.14   1.34
 -32.00   0.00   1.28
 -31.85  -3.14   1.21
 -31.39  -6.24   1.14
 -30.62  -9.29   1.05
 -29.56 -12.25   0.97
 -28.22 -15.08   0.88
 -26.61 -17.78   0.80
 -24.74 -20.30   0.73
 -22.63 -22.63   0.69
 -20.30 -24.74   0.67
 -17.78 -26.61   0.68
 -15.08 -28.22   0.70
 -12.25 -29.56   0.73
  -9.29 -30.62   0.76
  -6.24 -31.39   0.80
  -3.14 -31.85   0.84
   0.00 -32.00   0.89
   3.14 -31.85   0.95
   6.24 -31.39   1.02
   9.29 -30.62   1.09
  12.25 -29.56   1.18
  15.08 -28.22   1.29
  17.78 -26.61   1.43
  20.30 -24.74   1.60
  22.63 -22.63   1.82
  24.74 -20.30   2.15
  26.61 -17.78   2.56
  28.22 -15.08   2.89
  29.56 -12.25   3.19
  30.62  -9.29   3.49
  31.39  -6.24   3.81
  31.85  -3.14   4.17
  32.00   0.00   4.57
  32.84   3.23   4.76
  32.37   6.44   5.15
  31.58   9.58   5.50
  30.49  12.63   5.78
  29.10  15.56   5.98
  27.44  18.33   6.12
  25.51  20.93   6.24
  23.33  23.33   6.36
  20.93  25.51   6.53
  18.33  27.44   6.52
  15.56  29.10   6.30
  12.63  30.49   5.96
   9.58  31.58   5.56
   6.44  32.37   5.11
   3.23  32.84   4.63
   0.00  33.00   4.15
  -3.23  32.84   3.70
  -6.44  32.37   3.29
  -9.58  31.58   2.92
 -12.63  30.49   2.60
 -15.56  29.10   2.33
 -18.33  27.44   2.10
 -20.93  25.51   1.90
 -23.33  23.33   1.73
 -25.51  20.94   1.59
 -27.44  18.33   1.51
 -29.10  15.56   1.45
 -30.49  12.63   1.41
 -31.58   9.58   1.38
 -32.37   6.44   1.34
 -32.84   3.23   1.28
 -33.00   0.00   1.22
 -32.84  -3.23   1.15
 -32.37  -6.44   1.08
 -31.58  -9.58   1.00
 -30.49 -12.63   0.92
 -29.10 -15.56   0.84
 -27.44 -18.33   0.76
 -25.51 -20.93   0.70
 -23.33 -23.33   0.66
 -20.94 -25.51   0.64
 -18.33 -27.44   0.64
 -15.56 -29.10   0.66
 -12.63 -30.49   0.69
  -9.58 -31.58   0.72
  -6.44 -32.37   0.75
  -3.23 -32.84   0.79
   0.00 -33.00   0.84
   3.23 -32.84   0.89
   6.44 -32.37   0.95
   9.58 -31.58   1.01
  12.63 -30.49   1.09
  15.56 -29.10   1.18
  18.33 -27.44   1.30
  20.93 -25.51   1.44
  23.33 -23.33   1.63
  25.51 -20.94   1.99
  27.44 -18.33   2.43
  29.10 -15.56   2.76
  30.49 -12.63   3.05
  31.58  -9.58   3.34
  32.37  -6.44   3.66
  32.84  -3.23   4.00
  33.00   0.00   4.37
  33.84   3.33   4.55
  33.35   6.63   4.91
  32.54   9.87   5.23
  31.41  13.01   5.50
  29.99  16.03   5.70
  28.27  18.89   5.85
  26.28  21.57   5.98
  24.04  24.04   6.12
  21.57  26.28   6.32
  18.89  28.27   6.41
  16.03  29.99   6.22
  13.01  31.41   5.90
   9.87  32.54   5.50
   6.63  33.35   5.05
   3.33  33.84   4.57
   0.00  34.00   4.10
  -3.33  33.84   3.65
  -6.63  33.35   3.24
  -9.87  32.54   2.88
 -13.01  31.41   2.56
 -16.03  29.99   2.29
 -18.89  28.27   2.05
 -21.57  26.28   1.86
 -24.04  24.04   1.68
 -26.28  21.57   1.55
 -28.27  18.89   1.47
 -29.99  16.03   1.40
 -31.41  13.01   1.36
 -32.54   9.87   1.32
 -33.35   6.63   1.28
 -33.84   3.33   1.23
 -34.00   0.00   1.16
 -33.84  -3.33   1.10
 -33.35  -6.63   1.03
 -32.54  -9.87   0.95
 -31.41 -13.01   0.87
 -29.99 -16.03   0.80
 -28.27 -18.89   0.73
 -26.28 -21.57   0.67
 -24.04 -24.04   0.63
 -21.57 -26.28   0.60
 -18.89 -28.27   0.60
 -16.03 -29.99   0.62
 -13.01 -31.41   0.65
  -9.87 -32.54   0.68
  -6.63 -33.35   0.71
  -3.33 -33.84   0.75
   0.00 -34.00   0.79
   3.33 -33.84   0.83
   6.63 -33.35   0.88
   9.87 -32.54   0.94
  13.01 -31.41   1.00
  16.03 -29.99   1.08
  18.89 -28.27   1.17
  21.57 -26.28   1.29
  24.04 -24.04   1.47
  26.28 -21.57   1.86
  28.27 -18.89   2.29
  29.99 -16.03   2.62
  31.41 -13.01   2.91
  32.54  -9.87   3.20
  33.35  -6.63   3.50
  33.84  -3.33   3.83
  34.00   0.00   4.18
  34.83   3.43   4.34
  34.33   6.83   4.67
  33.49  10.16   4.97
  32.34  13.39   5.23
  30.87  16.50   5.43
  29.10  19.44   5.59
  27.06  22.20   5.73
  24.75  24.75   5.88
  22.20  27.06   6.08
  19.44  29.10   6.28
  16.50  30.87   6.15
  13.39  32.34   5.84
  10.16  33.49   5.44
   6.83  34.33   4.99
   3.43  34.83   4.52
   0.00  35.00   4.05
  -3.43  34.83   3.61
  -6.83  34.33   3.20
 -10.16  33.49   2.83
 -13.39  32.34   2.52
 -16.50  30.87   2.24
 -19.44  29.10   2.01
 -22.20  27.06   1.81
 -24.75  24.75   1.64
 -27.06  22.20   1.51
 -29.10  19.45   1.42
 -30.87  16.50   1.36
 -32.34  13.39   1.31
 -33.49  10.16   1.27
 -34.33   6.83   1.22
 -34.83   3.43   1.17
 -35.00   0.00   1.11
 -34.83  -3.43   1.04
 -34.33  -6.83   0.98
 -33.49 -10.16   0.90
 -32.34 -13.39   0.83
 -30.87 -16.50   0.76
 -29.10 -19.44   0.69
 -27.06 -22.20   0.64
 -24.75 -24.75   0.60
 -22.20 -27.06   0.57
 -19.45 -29.10   0.57
 -16.50 -30.87   0.58
 -13.39 -32.34   0.61
 -10.16 -33.49   0.64
  -6.83 -34.33   0.67
  -3.43 -34.83   0.70
   0.00 -35.00   0.74
   3.43 -34.83   0.78
   6.83 -34.33   0.82
  10.16 -33.49   0.87
  13.39 -32.34   0.93
  16.50 -30.87   0.99
  19.44 -29.10   1.06
  22.20 -27.06   1.16
  24.75 -24.75   1.36
  27.06 -22.20   1.76
  29.10 -19.45   2.17
  30.87 -16.50   2.49
  32.34 -13.39   2.78
  33.49 -10.16   3.06
  34.33  -6.83   3.35
  34.83  -3.43   3.66
  35.00   0.00   4.00
  35.83   3.53   4.13
  35.31   7.02   4.45
  34.45  10.45   4.73
  33.26  13.78   4.97
  31.75  16.97   5.17
  29.93  20.00   5.33
  27.83  22.84   5.48
  25.46  25.46   5.64
  22.84  27.83   5.85
  20.00  29.93   6.09
  16.97  31.75   6.06
  13.78  33.26   5.77
  10.45  34.45   5.38
   7.02  35.31   4.93
   3.53  35.83   4.47
   0.00  36.00   4.00
  -3.53  35.83   3.55
  -7.02  35.31   3.15
 -10.45  34.45   2.79
 -13.78  33.26   2.47
 -16.97  31.75   2.20
 -20.00  29.93   1.96
 -22.84  27.83   1.76
 -25.46  25.46   1.59
 -27.83  22.84   1.47
 -29.93  20.00   1.38
 -31.75  16.97   1.32
 -33.26  13.78   1.27
 -34.45  10.45   1.22
 -35.31   7.02   1.17
 -35.83   3.53   1.12
 -36.00   0.00   1.06
 -35.83  -3.53   1.00
 -35.31  -7.02   0.93
 -34.45 -10.45   0.86
 -33.26 -13.78   0.79
 -31.75 -16.97   0.72
 -29.93 -20.00   0.66
 -27.83 -22.84   0.61
 -25.46 -25.46   0.57
 -22.84 -27.83   0.54
 -20.00 -29.93   0.53
 -16.97 -31.75   0.55
 -13.78 -33.26   0.57
 -10.45 -34.45   0.60
  -7.02 -35.31   0.63
  -3.53 -35.83   0.66
   0.00 -36.00   0.69
   3.53 -35.83   0.73
   7.02 -35.31   0.76
  10.45 -34.45   0.81
  13.78 -33.26   0.85
  16.97 -31.75   0.90
  20.00 -29.93   0.96
  22.84 -27.83   1.05
  25.46 -25.46   1.27
  27.83 -22.84   1.67
  29.93 -20.00   2.05
  31.75 -16.97   2.36
  33.26 -13.78   2.64
  34.45 -10.45   2.92
  35.31  -7.02   3.20
  35.83  -3.53   3.50
  36.00   0.00   3.81
  36.82   3.63   3.93
  36.29   7.22   4.23
  35.41  10.74   4.49
  34.18  14.16   4.72
  32.63  17.44   4.92
  30.76  20.56   5.08
  28.60  23.47   5.24
  26.16  26.16   5.40
  23.47  28.60   5.62
  20.56  30.76   5.89
  17.44  32.63   5.96
  14.16  34.18   5.70
  10.74  35.41   5.32
   7.22  36.29   4.88
   3.63  36.82   4.41
   0.00  37.00   3.94
  -3.63  36.82   3.50
  -7.22  36.29   3.10
 -10.74  35.41   2.74
 -14.16  34.18   2.42
 -17.44  32.63   2.15
 -20.56  30.76   1.92
 -23.47  28.60   1.72
 -26.16  26.16   1.55
 -28.60  23.47   1.43
 -30.76  20.56   1.34
 -32.63  17.44   1.27
 -34.18  14.16   1.22
 -35.41  10.74   1.17
 -36.29   7.22   1.12
 -36.82   3.63   1.07
 -37.00   0.00   1.01
 -36.82  -3.63   0.95
 -36.29  -7.22   0.89
 -35.41 -10.74   0.82
 -34.18 -14.16   0.75
 -32.63 -17.44   0.69
 -30.76 -20.56   0.63
 -28.60 -23.47   0.58
 -26.16 -26.16   0.54
 -23.47 -28.60   0.51
 -20.56 -30.76   0.50
 -17.44 -32.63   0.51
 -14.16 -34.18   0.54
 -10.74 -35.41   0.56
  -7.22 -36.29   0.59
  -3.63 -36.82   0.62
   0.00 -37.00   0.65
   3.63 -36.82   0.68
   7.22 -36.29   0.71
  10.74 -35.41   0.74
  14.16 -34.18   0.78
  17.44 -32.63   0.82
  20.56 -30.76   0.87
  23.47 -28.60   0.96
  26.16 -26.16   1.21
  28.60 -23.47   1.59
  30.76 -20.56   1.94
  32.63 -17.44   2.24
  34.18 -14.16   2.52
  35.41 -10.74   2.78
  36.29  -7.22   3.05
  36.82  -3.63   3.34
  37.00   0.00   3.63
  37.82   3.72   3.74
  37.27   7.41   4.01
  36.36  11.03   4.26
  35.11  14.54   4.49
  33.51  17.91   4.67
  31.60  21.11   4.84
  29.37  24.11   4.99
  26.87  26.87   5.17
  24.11  29.37   5.38
  21.11  31.60   5.66
  17.91  33.51   5.84
  14.54  35.11   5.63
  11.03  36.36   5.26
   7.41  37.27   4.82
   3.72  37.82   4.35
   0.00  38.00   3.88
  -3.72  37.82   3.44
  -7.41  37.27   3.04
 -11.03  36.36   2.68
 -14.54  35.11   2.37
 -17.91  33.51   2.10
 -21.11  31.60   1.87
 -24.11  29.37   1.67
 -26.87  26.87   1.51
 -29.37  24.11   1.39
 -31.60  21.11   1.30
 -33.51  17.91   1.23
 -35.11  14.54   1.18
 -36.36  11.03   1.13
 -37.27   7.41   1.08
 -37.82   3.72   1.02
 -38.00   0.00   0.97
 -37.82  -3.72   0.91
 -37.27  -7.41   0.84
 -36.36 -11.03   0.78
 -35.11 -14.54   0.72
 -33.51 -17.91   0.66
 -31.60 -21.11   0.60
 -29.37 -24.11   0.55
 -26.87 -26.87   0.51
 -24.11 -29.37   0.49
 -21.11 -31.60   0.47
 -17.91 -33.51   0.48
 -14.54 -35.11   0.50
 -11.03 -36.36   0.52
  -7.41 -37.27   0.55
  -3.72 -37.82   0.58
   0.00 -38.00   0.60
   3.72 -37.82   0.63
   7.41 -37.27   0.66
  11.03 -36.36   0.69
  14.54 -35.11   0.71
  17.91 -33.51   0.75
  21.11 -31.60   0.79
  24.11 -29.37   0.88
  26.87 -26.87   1.15
  29.37 -24.11   1.51
  31.60 -21.11   1.84
  33.51 -17.91   2.12
  35.11 -14.54   2.39
  36.36 -11.03   2.65
  37.27  -7.41   2.91
  37.82  -3.72   3.18
  38.00   0.00   3.46
  38.81   3.82   3.55
  38.25   7.61   3.81
  37.32  11.32   4.05
  36.03  14.92   4.26
  34.39  18.38   4.44
  32.43  21.67   4.60
  30.15  24.74   4.76
  27.58  27.58   4.93
  24.74  30.15   5.15
  21.67  32.43   5.43
  18.38  34.39   5.69
  14.92  36.03   5.55
  11.32  37.32   5.19
   7.61  38.25   4.76
   3.82  38.81   4.29
   0.00  39.00   3.82
  -3.82  38.81   3.38
  -7.61  38.25   2.98
 -11.32  37.32   2.63
 -14.92  36.03   2.32
 -18.38  34.39   2.05
 -21.67  32.43   1.82
 -24.74  30.15   1.62
 -27.58  27.58   1.46
 -30.15  24.74   1.35
 -32.43  21.67   1.26
 -34.39  18.38   1.19
 -36.03  14.92   1.13
 -37.32  11.32   1.08
 -38.25   7.61   1.03
 -38.81   3.82   0.98
 -39.00   0.00   0.92
 -38.81  -3.82   0.87
 -38.25  -7.61   0.81
 -37.32 -11.32   0.74
 -36.03 -14.92   0.68
 -34.39 -18.38   0.62
 -32.43 -21.67   0.57
 -30.15 -24.74   0.52
 -27.58 -27.58   0.49
 -24.74 -30.15   0.46
 -21.67 -32.43   0.44
 -18.38 -34.39   0.45
 -14.92 -36.03   0.47
 -11.32 -37.32   0.49
  -7.61 -38.25   0.51
  -3.82 -38.81   0.54
   0.00 -39.00   0.56
   3.82 -38.81   0.59
   7.61 -38.25   0.61
  11.32 -37.32   0.63
  14.92 -36.03   0.65
  18.38 -34.40   0.68
  21.67 -32.43   0.71
  24.74 -30.15   0.82
  27.58 -27.58   1.10
  30.15 -24.74   1.43
  32.43 -21.67   1.74
  34.39 -18.38   2.01
  36.03 -14.92   2.27
  37.32 -11.32   2.52
  38.25  -7.61   2.77
  38.81  -3.82   3.02
  39.00   0.00   3.29
  39.81   3.92   3.37
  39.23   7.80   3.61
  38.28  11.61   3.83
  36.96  15.31   4.03
  35.28  18.86   4.21
  33.26  22.22   4.37
  30.92  25.38   4.53
  28.28  28.28   4.70
  25.38  30.92   4.92
  22.22  33.26   5.19
  18.86  35.28   5.51
  15.31  36.96   5.46
  11.61  38.28   5.12
   7.80  39.23   4.69
   3.92  39.81   4.23
   0.00  40.00   3.76
  -3.92  39.81   3.32
  -7.80  39.23   2.92
 -11.61  38.28   2.57
 -15.31  36.96   2.26
 -18.86  35.28   2.00
 -22.22  33.26   1.77
 -25.38  30.92   1.57
 -28.28  28.28   1.42
 -30.92  25.38   1.31
 -33.26  22.22   1.22
 -35.28  18.86   1.15
 -36.96  15.31   1.09
 -38.28  11.61   1.04
 -39.23   7.80   0.99
 -39.81   3.92   0.94
 -40.00   0.00   0.88
 -39.81  -3.92   0.82
 -39.23  -7.80   0.77
 -38.28 -11.61   0.71
 -36.96 -15.31   0.65
 -35.28 -18.86   0.60
 -33.26 -22.22   0.54
 -30.92 -25.38   0.50
 -28.28 -28.28   0.46
 -25.38 -30.92   0.44
 -22.22 -33.26   0.42
 -18.86 -35.28   0.42
 -15.31 -36.96   0.43
 -11.61 -38.28   0.46
  -7.80 -39.23   0.48
  -3.92 -39.81   0.50
   0.00 -40.00   0.52
   3.92 -39.81   0.55
   7.80 -39.23   0.56
  11.61 -38.28   0.58
  15.31 -36.96   0.60
  18.86 -35.28   0.61
  22.22 -33.26   0.65
  25.38 -30.92   0.77
  28.28 -28.28   1.05
  30.92 -25.38   1.35
  33.26 -22.22   1.64
  35.28 -18.86   1.90
  36.96 -15.31   2.15
  38.28 -11.61   2.39
  39.23  -7.80   2.63
  39.81  -3.92   2.87
  40.00   0.00   3.12
