  0.60  0.60  0.60  0.60  0.60  0.60  0.60  0.60  0.60  0.60  0.60  0.60  0.60  0.60  0.60  0.60  0.60  0.60  0.60  0.60  0.60  0.60  0.60  0.60  0.60  0.60  0.60  0.60  0.60  0.60  0.60  0.60  0.60  0.60  0.60  0.60  0.60  0.60  0.60  0.60  0.60  0.60  0.60  0.60  0.60  0.60  0.60  0.60  0.60  0.60  0.60  0.60  0.60  0.60  0.60  0.60  0.60  0.60  0.60  0.60  0.60  0.60  0.60  0.60
  0.60  0.60  0.60  0.60  0.60  0.60  0.60  0.60  0.60  0.60  0.60  0.60  0.60  0.60  0.60  0.60  0.60  0.60  0.60  0.60  0.60  0.60  0.60  0.60  0.60  0.60  0.60  0.60  0.60  0.60  0.60  0.60  0.60  0.60  0.60  0.60  0.60  0.60  0.60  0.60  0.60  0.60  0.60  0.60  0.60  0.60  0.60  0.60  0.60  0.60  0.60  0.60  0.60  0.60  0.60  0.60  0.60  0.60  0.60  0.60  0.60  0.60  0.60  0.60
  0.60  0.60  0.60  0.60  0.60  0.60  0.60  0.60  0.60  0.60  0.60  0.60  0.60  0.60  0.60  0.60  0.60  0.60  0.60  0.60  0.60  0.60  0.60  0.60  0.60  0.60  0.60  0.60  0.60  0.60  0.60  0.60  0.60  0.60  0.60  0.60  0.60  0.60  0.60  0.60  0.60  0.60  0.60  0.60  0.60  0.60  0.60  0.60  0.60  0.60  0.60  0.60  0.60  0.60  0.60  0.60  0.60  0.60  0.60  0.60  0.60  0.60  0.60  0.60
  0.60  0.60  0.60  0.60  0.60  0.60  0.60  0.60  0.60  0.60  0.60  0.60  0.60  0.60  0.60  0.60  0.60  0.60  0.60  0.60  0.60  0.60  0.60  0.60  0.60  0.60  0.60  0.60  0.60  0.60  0.60  0.60  0.60  0.60  0.60  0.60  0.60  0.60  0.60  0.60  0.60  0.60  0.60  0.60  0.60  0.60  0.60  0.60  0.60  0.60  0.60  0.60  0.60  0.60  0.60  0.60  0.60  0.60  0.60  0.60  0.60  0.60  0.60  0.60
  0.60  0.60  0.60  0.60  0.60  0.60  0.60  0.60  0.60  0.60  0.60  0.60  0.60  0.60  0.60  0.60  0.60  0.60  0.60  0.60  0.60  0.60  0.60  0.60  0.60  0.60  0.60  0.60  0.60  0.60  0.60  0.60  0.60  0.60  0.60  0.60  0.60  0.60  0.60  0.60  0.60  0.60  0.60  0.60  0.60  0.60  0.60  0.60  0.60  0.60  0.60  0.60  0.60  0.60  0.60  0.60  0.60  0.60  0.60  0.60  0.60  0.60  0.60  0.60
  0.60  0.60  0.60  0.60  0.60  0.60  0.60  0.60  0.60  0.60  0.60  0.60  0.60  0.60  0.60  0.60  0.60  0.60  0.60  0.60  0.60  0.60  0.60  0.60  0.60  0.60  0.60  0.60  0.60  0.60  0.60  0.60  0.60  0.60  0.60  0.60  0.60  0.60  0.60  0.60  0.60  0.60  0.60  0.60  0.60  0.60  0.60  0.60  0.60  0.60  0.60  0.60  0.60  0.60  0.60  0.60  0.60  0.60  0.60  0.60  0.60  0.60  0.60  0.60
  0.60  0.60  0.60  0.60  0.60  0.60  0.60  0.60  0.60  0.60  0.60  0.60  0.60  0.60  0.60  0.60  0.60  0.60  0.60  0.60  0.60  0.60  0.60  0.60  0.60  0.60  0.60  0.60  0.60  0.60  0.60  0.60  0.60  0.60  0.60  0.60  0.60  0.60  0.60  0.60  0.60  0.60  0.60  0.60  0.60  0.60  0.60  0.60  0.60  0.60  0.60  0.60  0.60  0.60  0.60  0.60  0.60  0.60  0.60  0.60  0.60  0.60  0.60  0.60
  0.60  0.60  0.60  0.60  0.60  0.60  0.60  0.60  0.60  0.60  0.60  0.60  0.60  0.60  0.60  0.60  0.60  0.60  0.60  0.60  0.60  0.60  0.60  0.60  0.60  0.60  0.60  0.60  0.60  0.60  0.60  0.60  0.60  0.60  0.60  0.60  0.60  0.60  0.60  0.60  0.60  0.60  0.60  0.60  0.60  0.60  0.60  0.60  0.60  0.60  0.60  0.60  0.60  0.60  0.60  0.60  0.60  0.60  0.60  0.60  0.60  0.60  0.60  0.60
  0.60  0.60  0.60  0.60  0.60  0.60  0.60  0.60  0.60  0.60  0.60  0.60  0.60  0.60  0.60  0.60  0.60  0.60  0.60  0.60  0.60  0.60  0.60  0.60  0.60  0.60  0.60  0.60  0.60  0.60  0.60  0.60  0.60  0.60  0.60  0.60  0.60  0.60  0.60  0.60  0.60  0.60  0.60  0.60  0.60  0.60  0.60  0.60  0.60  0.60  0.60  0.60  0.60  0.60  0.60  0.60  0.60  0.60  0.60  0.60  0.60  0.60  0.60  0.60
  0.60  0.60  0.60  0.60  0.60  0.60  0.60  0.60  0.60  0.60  0.60  0.60  0.60  0.60  0.60  0.60  0.60  0.60  0.60  0.60  0.60  0.60  0.60  0.60  0.60  0.60  0.60  0.60  0.60  0.60  0.60  0.60  0.60  0.60  0.60  0.60  0.60  0.60  0.60  0.60  0.60  0.60  0.60  0.60  0.60  0.60  0.60  0.60  0.60  0.60  0.60  0.60  0.60  0.60  0.60  0.60  0.60  0.60  0.60  0.60  0.60  0.60  0.60  0.60
  0.60  0.60  0.60  0.60  0.60  0.60  0.60  0.60  0.60  0.60  0.60  0.60  0.60  0.60  0.60  0.60  0.60  0.60  0.60  0.60  0.60  0.60  0.60  0.60  0.60  0.60  0.60  0.60  0.60  0.60  0.60  0.60  0.60  0.60  0.60  0.60  0.60  0.60  0.60  0.60  0.60  0.60  0.60  0.60  0.60  0.60  0.60  0.60  0.60  0.60  0.60  0.60  0.60  0.60  0.60  0.60  0.60  0.60  0.60  0.60  0.60  0.60  0.60  0.60
  0.60  0.60  0.60  0.60  0.60  0.60  0.60  0.60  0.60  0.60  0.60  0.60  0.60  0.60  0.60  0.60  0.60  0.60  0.60  0.60  0.60  0.60  0.60  0.60  0.60  0.60  0.60  0.60  0.60  0.60  0.60  0.60  0.60  0.60  0.60  0.60  0.60  0.60  0.60  0.60  0.60  0.60  0.60  0.60  0.60  0.60  0.60  0.60  0.60  0.60  0.60  0.60  0.60  0.60  0.60  0.60  0.60  0.60  0.60  0.60  0.60  0.60  0.60  0.60
  0.60  0.60  0.60  0.60  0.60  0.60  0.60  0.60  0.60  0.60  0.60  0.60  0.60  0.60  0.60  0.60  0.60  0.60  0.60  0.60  0.60  0.60  0.60  0.60  0.60  0.60  0.60  0.60  0.60  0.60  0.60  0.60  0.60  0.60  0.60  0.60  0.60  0.60  0.60  0.60  0.60  0.60  0.60  0.60  0.60  0.60  0.60  0.60  0.60  0.60  0.60  0.60  0.60  0.60  0.60  0.60  0.60  0.60  0.60  0.60  0.60  0.60  0.60  0.60
  0.60  0.60  0.60  0.60  0.60  0.60  0.60  0.60  0.60  0.60  0.60  0.60  0.60  0.60  0.60  0.60  0.60  0.60  0.60  0.60  0.60  0.60  0.60  0.60  0.60  0.60  0.60  0.60  0.60  0.60  0.60  0.60  0.60  0.60  0.60  0.60  0.60  0.60  0.60  0.60  0.60  0.60  0.60  0.60  0.60  0.60  0.60  0.60  0.60  0.60  0.60  0.60  0.60  0.60  0.60  0.60  0.60  0.60  0.60  0.60  0.60  0.60  0.60  0.60
  0.60  0.60  0.60  0.60  0.60  0.60  0.60  0.60  0.60  0.60  0.60  0.60  0.60  0.60  0.60  0.60  0.60  0.60  0.60  0.60  0.60  0.60  0.60  0.60  0.60  0.60  0.60  0.60  0.60  0.60  0.60  0.60  0.60  0.60  0.60  0.60  0.60  0.60  0.60  0.60  0.60  0.60  0.60  0.60  0.60  0.60  0.60  0.60  0.60  0.60  0.60  0.60  0.60  0.60  0.60  0.60  0.60  0.60  0.60  0.60  0.60  0.60  0.60  0.60
  0.60  0.60  0.60  0.60  0.60  0.60  0.60  0.60  0.60  0.60  0.60  0.60  0.60  0.60  0.60  0.60  0.60  0.60  0.60  0.60  0.60  0.60  0.60  0.60  0.60  0.60  0.60  0.60  0.60  0.60  0.60  0.60  0.60  0.60  0.60  0.60  0.60  0.60  0.60  0.60  0.60  0.60  0.60  0.60  0.60  0.60  0.60  0.60  0.60  0.60  0.60  0.60  0.60  0.60  0.60  0.60  0.60  0.60  0.60  0.60  0.60  0.60  0.60  0.60
  0.60  0.60  0.60  0.60  0.60  0.60  0.60  0.60  0.60  0.60  0.60  0.60  0.60  0.60  0.60  0.60  0.60  0.60  0.60  0.60  0.60  0.60  0.60  0.60  0.60  0.60  0.60  0.60  0.60  0.60  0.60  0.60  0.60  0.60  0.60  0.60  0.60  0.60  0.60  0.60  0.60  0.60  0.60  0.60  0.60  0.60  0.60  0.60  0.60  0.60  0.60  0.60  0.60  0.60  0.60  0.60  0.60  0.60  0.60  0.60  0.60  0.60  0.60  0.60
  0.60  0.60  0.60  0.60  0.60  0.60  0.60  0.60  0.60  0.60  0.60  0.60  0.60  0.60  0.60  0.60  0.60  0.60  0.60  0.60  0.60  0.60  0.60  0.60  0.60  0.60  0.60  0.60  0.60  0.60  0.60  0.60  0.60  0.60  0.60  0.60  0.60  0.60  0.60  0.60  0.60  0.60  0.60  0.60  0.60  0.60  0.60  0.60  0.60  0.60  0.60  0.60  0.60  0.60  0.60  0.60  0.60  0.60  0.60  0.60  0.60  0.60  0.60  0.60
  0.60  0.60  0.60  0.60  0.60  0.60  0.60  0.60  0.60  0.60  0.60  0.60  0.60  0.60  0.60  0.60  0.60  0.60  0.60  0.60  0.60  0.60  0.60  0.60  0.60  0.60  0.60  0.60  0.60  0.60  0.60  0.60  0.60  0.60  0.60  0.60  0.60  0.60  0.60  0.60  0.60  0.60  0.60  0.60  0.60  0.60  0.60  0.60  0.60  0.60  0.60  0.60  0.60  0.60  0.60  0.60  0.60  0.60  0.60  0.60  0.60  0.60  0.60  0.60
  0.60  0.60  0.60  0.60  0.60  0.60  0.60  0.60  0.60  0.60  0.60  0.60  0.60  0.60  0.60  0.60  0.60  0.60  0.60  0.60  0.60  0.60  0.60  0.60  0.60  0.60  0.60  0.60  0.60  0.60  0.60  0.60  0.60  0.60  0.60  0.60  0.60  0.60  0.60  0.60  0.60  0.60  0.60  0.60  0.60  0.60  0.60  0.60  0.60  0.60  0.60  0.60  0.60  0.60  0.60  0.60  0.60  0.60  0.60  0.60  0.60  0.60  0.60  0.60
  0.60  0.60  0.60  0.60  0.60  0.60  0.60  0.60  0.60  0.60  0.60  0.60  0.60  0.60  0.60  0.60  0.60  0.60  0.60  0.60  0.60  0.60  0.60  0.60  0.60  0.60  0.60  0.60  0.60  0.60  0.60  0.60  0.60  0.60  0.60  0.60  0.60  0.60  0.60  0.60  0.60  0.60  0.60  0.60  0.60  0.60  0.60  0.60  0.60  0.60  0.60  0.60  0.60  0.60  0.60  0.60  0.60  0.60  0.60  0.60  0.60  0.60  0.60  0.60
  0.60  0.60  0.60  0.60  0.60  0.60  0.60  0.60  0.60  0.60  0.60  0.60  0.60  0.60  0.60  0.60  0.60  0.60  0.60  0.60  0.60  0.60  0.60  0.60  0.60  0.60  0.60  0.60  0.60  0.60  0.60  0.60  0.60  0.60  0.60  0.60  0.60  0.62  0.64  0.65  0.65  0.64  0.63  0.60  0.60  0.60  0.60  0.60  0.60  0.60  0.60  0.60  0.60  0.60  0.60  0.60  0.60  0.60  0.60  0.60  0.60  0.60  0.60  0.60
  0.60  0.60  0.60  0.60  0.60  0.60  0.60  0.60  0.60  0.60  0.60  0.60  0.60  0.60  0.60  0.60  0.60  0.60  0.60  0.60  0.60  0.60  0.63  0.63  0.60  0.60  0.60  0.60  0.60  0.60  0.60  0.60  0.60  0.60  0.61  0.61  0.63  0.67  0.72  0.75  0.76  0.75  0.71  0.67  0.65  0.63  0.60  0.60  0.60  0.60  0.60  0.65  0.64  0.60  0.60  0.60  0.60  0.60  0.60  0.60  0.60  0.60  0.60  0.60
  0.60  0.60  0.60  0.60  0.60  0.60  0.60  0.60  0.60  0.60  0.60  0.60  0.60  0.63  0.65  0.60  0.60  0.60  0.60  0.60  0.60  0.63  0.70  0.72  0.64  0.60  0.60  0.60  0.60  0.60  0.60  0.60  0.60  0.62  0.62  0.64  0.68  0.77  0.86  0.92  0.94  0.92  0.87  0.84  0.79  0.72  0.68  0.65  0.63  0.64  0.67  0.77  0.74  0.60  0.60  0.60  0.60  0.60  0.60  0.60  0.60  0.60  0.60  0.60
  0.60  0.60  0.60  0.60  0.60  0.60  0.60  0.60  0.60  0.60  0.60  0.60  0.60  0.72  0.79  0.70  0.63  0.60  0.60  0.60  0.63  0.72  0.84  0.86  0.72  0.60  0.60  0.60  0.60  0.60  0.60  0.60  0.60  0.63  0.65  0.68  0.77  0.90  1.05  1.15  1.19  1.18  1.11  1.12  1.03  0.90  0.86  0.77  0.71  0.74  0.84  0.97  0.92  0.67  0.60  0.60  0.60  0.60  0.60  0.60  0.60  0.60  0.60  0.60
  0.60  0.60  0.60  0.60  0.60  0.60  0.60  0.60  0.60  0.60  0.60  0.60  0.70  0.91  1.04  0.92  0.72  0.65  0.60  0.64  0.71  0.89  1.06  1.08  0.87  0.64  0.60  0.60  0.60  0.60  0.60  0.60  0.61  0.66  0.69  0.75  0.90  1.08  1.29  1.43  1.51  1.52  1.47  1.49  1.38  1.21  1.17  1.00  0.89  0.92  1.09  1.26  1.19  0.84  0.60  0.60  0.60  0.60  0.60  0.60  0.60  0.60  0.60  0.60
  0.60  0.60  0.60  0.60  0.60  0.60  0.60  0.60  0.60  0.60  0.60  0.60  0.93  1.24  1.43  1.28  0.91  0.78  0.71  0.77  0.89  1.16  1.39  1.37  1.07  0.73  0.60  0.60  0.60  0.60  0.60  0.60  0.62  0.71  0.75  0.84  1.05  1.31  1.58  1.78  1.91  1.96  1.95  1.97  1.87  1.68  1.60  1.36  1.19  1.22  1.45  1.65  1.57  1.10  0.66  0.60  0.60  0.60  0.60  0.60  0.60  0.60  0.60  0.60
  0.60  0.60  0.60  0.60  0.60  0.60  0.60  0.60  0.60  0.60  0.60  0.72  1.30  1.74  1.98  1.78  1.24  1.03  0.95  0.99  1.17  1.54  1.84  1.77  1.34  0.88  0.62  0.60  0.60  0.60  0.60  0.60  0.65  0.76  0.83  0.97  1.24  1.59  1.92  2.18  2.36  2.48  2.55  2.56  2.51  2.34  2.18  1.87  1.64  1.65  1.91  2.15  2.05  1.47  0.82  0.60  0.60  0.60  0.60  0.60  0.60  0.60  0.60  0.60
  0.60  0.60  0.60  0.60  0.60  0.60  0.60  0.60  0.60  0.60  0.60  1.01  1.82  2.46  2.71  2.42  1.75  1.42  1.34  1.34  1.60  2.07  2.39  2.24  1.69  1.08  0.68  0.60  0.60  0.60  0.60  0.61  0.68  0.83  0.93  1.12  1.46  1.87  2.26  2.57  2.82  3.00  3.15  3.25  3.27  3.17  2.92  2.57  2.28  2.24  2.47  2.74  2.65  1.94  1.09  0.66  0.60  0.60  0.60  0.60  0.60  0.60  0.60  0.60
  0.60  0.60  0.60  0.60  0.60  0.60  0.60  0.60  0.60  0.60  0.74  1.46  2.51  3.38  3.60  3.20  2.47  1.97  1.86  1.84  2.20  2.72  2.93  2.70  2.10  1.34  0.78  0.60  0.60  0.60  0.60  0.63  0.73  0.89  1.03  1.28  1.67  2.15  2.60  2.97  3.27  3.52  3.74  3.93  4.04  4.01  3.78  3.42  3.09  2.97  3.11  3.32  3.24  2.52  1.48  0.83  0.60  0.60  0.60  0.60  0.60  0.60  0.60  0.60
  0.60  0.60  0.60  0.60  0.60  0.60  0.60  0.60  0.60  0.60  1.05  2.07  3.36  4.29  4.49  4.10  3.40  2.72  2.51  2.53  2.95  3.35  3.45  3.14  2.50  1.66  0.92  0.62  0.60  0.60  0.60  0.66  0.79  0.96  1.13  1.43  1.89  2.43  2.94  3.36  3.72  4.04  4.34  4.61  4.80  4.84  4.65  4.28  3.89  3.69  3.75  3.91  3.83  3.19  2.01  1.12  0.70  0.60  0.60  0.60  0.60  0.60  0.60  0.60
  0.60  0.60  0.60  0.60  0.60  0.60  0.60  0.60  0.60  0.78  1.55  2.86  4.34  5.21  5.38  5.00  4.32  3.65  3.30  3.36  3.68  3.96  3.94  3.56  2.89  2.02  1.12  0.68  0.60  0.60  0.60  0.70  0.85  1.03  1.23  1.58  2.10  2.71  3.27  3.76  4.17  4.56  4.94  5.29  5.57  5.67  5.51  5.13  4.69  4.41  4.39  4.50  4.42  3.86  2.70  1.57  0.95  0.64  0.60  0.60  0.60  0.60  0.60  0.60
  0.60  0.60  0.60  0.60  0.60  0.60  0.60  0.60  0.73  1.18  2.24  3.83  5.33  6.11  6.26  5.90  5.23  4.57  4.19  4.19  4.40  4.54  4.39  3.94  3.25  2.37  1.39  0.78  0.61  0.60  0.60  0.76  0.90  1.09  1.33  1.74  2.32  2.98  3.61  4.15  4.62  5.08  5.53  5.97  6.33  6.49  6.37  5.99  5.50  5.14  5.04  5.09  5.01  4.52  3.52  2.20  1.36  0.79  0.60  0.60  0.60  0.60  0.60  0.60
  0.60  0.60  0.60  0.60  0.60  0.60  0.67  0.75  1.05  1.80  3.14  4.95  6.30  7.02  7.14  6.79  6.14  5.48  5.07  4.99  5.09  5.07  4.77  4.26  3.59  2.71  1.70  0.92  0.64  0.60  0.61  0.83  0.96  1.16  1.43  1.89  2.53  3.25  3.94  4.54  5.07  5.59  6.12  6.65  7.09  7.32  7.23  6.84  6.30  5.86  5.68  5.68  5.60  5.19  4.33  3.04  1.96  1.10  0.74  0.60  0.60  0.60  0.60  0.60
  0.60  0.60  0.70  0.76  0.79  0.81  0.89  1.12  1.59  2.65  4.25  6.05  7.28  7.91  8.01  7.67  7.04  6.38  5.94  5.78  5.73  5.53  5.08  4.52  3.88  3.04  2.02  1.10  0.69  0.62  0.64  0.90  1.02  1.22  1.53  2.04  2.74  3.52  4.26  4.92  5.51  6.10  6.71  7.32  7.84  8.14  8.09  7.69  7.10  6.58  6.32  6.26  6.19  5.86  5.15  4.06  2.77  1.62  1.07  0.69  0.60  0.60  0.60  0.60
  0.63  0.74  0.96  1.13  1.23  1.29  1.32  1.72  2.38  3.71  5.53  7.15  8.24  8.79  8.86  8.53  7.92  7.26  6.78  6.52  6.31  5.90  5.30  4.69  4.11  3.34  2.33  1.34  0.78  0.66  0.68  0.98  1.08  1.29  1.63  2.19  2.95  3.78  4.58  5.29  5.95  6.61  7.29  7.98  8.59  8.95  8.94  8.53  7.90  7.31  6.96  6.85  6.78  6.52  5.97  5.08  3.82  2.42  1.62  0.94  0.67  0.60  0.60  0.60
  0.75  1.05  1.39  1.72  1.91  2.03  2.01  2.59  3.44  5.00  6.80  8.24  9.18  9.65  9.69  9.36  8.77  8.11  7.57  7.19  6.79  6.17  5.42  4.79  4.27  3.60  2.62  1.61  0.92  0.73  0.74  1.06  1.14  1.36  1.73  2.34  3.15  4.03  4.88  5.65  6.37  7.10  7.86  8.64  9.32  9.75  9.77  9.37  8.69  8.02  7.60  7.44  7.37  7.19  6.78  6.10  5.06  3.56  2.40  1.39  0.87  0.69  0.65  0.67
  1.01  1.55  2.02  2.54  2.84  3.03  3.04  3.75  4.81  6.46  8.05  9.30 10.09 10.46 10.47 10.15  9.58  8.91  8.31  7.78  7.16  6.32  5.47  4.82  4.36  3.81  2.91  1.88  1.09  0.82  0.82  1.13  1.19  1.42  1.83  2.48  3.34  4.27  5.15  5.98  6.77  7.57  8.42  9.27 10.04 10.53 10.59 10.19  9.47  8.74  8.23  8.02  7.96  7.85  7.60  7.11  6.29  5.00  3.44  2.09  1.26  0.94  0.79  0.87
  1.45  2.24  2.89  3.58  4.01  4.29  4.47  5.23  6.43  7.90  9.29 10.33 10.95 11.22 11.19 10.88 10.31  9.63  8.94  8.25  7.38  6.36  5.44  4.79  4.38  3.96  3.16  2.14  1.32  0.93  0.92  1.21  1.25  1.49  1.93  2.62  3.52  4.47  5.39  6.28  7.14  8.02  8.94  9.88 10.72 11.27 11.38 10.99 10.24  9.44  8.87  8.60  8.54  8.52  8.41  8.12  7.52  6.43  4.77  3.07  1.89  1.37  1.09  1.22
  2.14  3.13  4.02  4.87  5.44  5.82  6.24  6.96  8.04  9.32 10.48 11.30 11.74 11.89 11.82 11.50 10.95 10.24  9.45  8.56  7.47  6.31  5.37  4.72  4.33  4.03  3.39  2.40  1.54  1.08  1.03  1.28  1.31  1.55  2.02  2.76  3.67  4.62  5.57  6.52  7.46  8.42  9.42 10.44 11.35 11.97 12.12 11.75 10.99 10.14  9.49  9.18  9.12  9.18  9.21  9.13  8.75  7.84  6.33  4.39  2.82  2.03  1.60  1.77
  3.11  4.22  5.37  6.35  7.05  7.54  8.00  8.67  9.62 10.69 11.61 12.18 12.42 12.44 12.30 11.98 11.44 10.69  9.79  8.71  7.43  6.20  5.26  4.62  4.24  4.04  3.56  2.64  1.76  1.25  1.15  1.35  1.37  1.62  2.11  2.88  3.79  4.71  5.67  6.67  7.70  8.75  9.84 10.93 11.90 12.58 12.79 12.46 11.70 10.81 10.11  9.75  9.70  9.83 10.01 10.12  9.95  9.24  7.86  5.99  4.08  2.95  2.37  2.54
  4.34  5.47  6.70  7.81  8.65  9.24  9.74 10.35 11.16 12.00 12.65 12.94 12.94 12.80 12.60 12.28 11.74 10.96  9.94  8.68  7.28  6.04  5.12  4.50  4.12  3.97  3.68  2.86  1.97  1.41  1.26  1.43  1.42  1.68  2.20  2.98  3.85  4.71  5.64  6.70  7.83  8.98 10.16 11.32 12.35 13.08 13.35 13.08 12.36 11.46 10.71 10.31 10.27 10.47 10.80 11.10 11.13 10.61  9.37  7.57  5.66  4.16  3.46  3.58
  5.56  6.70  8.01  9.25 10.22 10.91 11.43 11.98 12.62 13.22 13.55 13.51 13.25 12.95 12.69 12.36 11.82 11.00  9.88  8.50  7.05  5.84  4.98  4.36  3.98  3.86  3.72  3.06  2.17  1.58  1.38  1.49  1.48  1.74  2.28  3.05  3.83  4.58  5.47  6.58  7.81  9.08 10.35 11.57 12.64 13.42 13.75 13.58 12.93 12.05 11.27 10.85 10.82 11.10 11.56 12.04 12.26 11.92 10.83  9.11  7.20  5.63  4.82  4.85
  6.76  7.91  9.30 10.65 11.74 12.52 13.06 13.53 13.98 14.28 14.24 13.85 13.31 12.86 12.53 12.20 11.67 10.83  9.65  8.20  6.77  5.63  4.82  4.22  3.82  3.71  3.69  3.21  2.37  1.74  1.49  1.56  1.53  1.80  2.35  3.07  3.72  4.30  5.12  6.27  7.62  9.01 10.37 11.64 12.75 13.56 13.96 13.90 13.38 12.57 11.80 11.37 11.35 11.70 12.29 12.93 13.33 13.16 12.22 10.59  8.69  7.07  6.16  6.10
  7.92  9.08 10.53 11.98 13.19 14.04 14.58 14.94 15.16 15.12 14.68 13.91 13.12 12.53 12.15 11.81 11.31 10.47  9.26  7.82  6.45  5.40  4.65  4.07  3.65  3.53  3.60  3.31  2.55  1.89  1.59  1.61  1.58  1.86  2.40  3.03  3.49  3.88  4.60  5.78  7.24  8.75 10.19 11.52 12.64 13.47 13.94 14.01 13.65 12.97 12.26 11.84 11.85 12.26 12.96 13.74 14.29 14.27 13.48 11.97 10.11  8.45  7.46  7.31
  9.02 10.18 11.69 13.22 14.52 15.42 15.94 16.17 16.12 15.68 14.79 13.68 12.68 12.00 11.58 11.24 10.76  9.94  8.76  7.38  6.11  5.16  4.49  3.92  3.48  3.33  3.46  3.34  2.70  2.04  1.70  1.66  1.63  1.90  2.42  2.92  3.13  3.31  3.92  5.12  6.67  8.30  9.83 11.20 12.33 13.16 13.67 13.86 13.69 13.20 12.61 12.23 12.28 12.76 13.55 14.43 15.09 15.20 14.56 13.18 11.40  9.74  8.69  8.45
 10.03 11.18 12.72 14.32 15.67 16.60 17.07 17.12 16.74 15.88 14.58 13.17 12.04 11.29 10.86 10.53 10.08  9.31  8.18  6.90  5.75  4.92  4.32  3.77  3.30  3.12  3.28  3.32  2.81  2.17  1.79  1.70  1.67  1.94  2.41  2.73  2.67  2.62  3.12  4.31  5.94  7.67  9.30 10.71 11.84 12.65 13.17 13.45 13.48 13.22 12.80 12.52 12.62 13.15 14.00 14.93 15.64 15.85 15.36 14.17 12.52 10.90  9.81  9.51
 10.90 12.03 13.57 15.19 16.57 17.49 17.87 17.70 16.97 15.69 14.04 12.44 11.24 10.47 10.03  9.72  9.30  8.59  7.56  6.39  5.38  4.68  4.15  3.61  3.12  2.91  3.07  3.23  2.88  2.28  1.87  1.73  1.70  1.96  2.35  2.45  2.11  2.00  2.38  3.40  5.09  6.92  8.62 10.07 11.20 11.99 12.48 12.80 12.99 12.98 12.80 12.66 12.83 13.39 14.26 15.18 15.88 16.14 15.81 14.84 13.38 11.86 10.77 10.43
 11.57 12.67 14.18 15.77 17.13 18.00 18.25 17.84 16.77 15.12 13.23 11.54 10.32  9.57  9.13  8.84  8.46  7.82  6.90  5.87  5.01  4.43  3.97  3.46  2.94  2.69  2.85  3.09  2.90  2.36  1.94  1.75  1.73  1.96  2.23  2.09  1.62  1.50  1.78  2.57  4.15  6.07  7.84  9.33 10.45 11.20 11.65 11.97 12.25 12.47 12.54 12.58 12.84 13.43 14.25 15.09 15.70 15.98 15.81 15.09 13.89 12.54 11.50 11.15
 11.99 13.02 14.46 15.98 17.27 18.05 18.15 17.50 16.13 14.23 12.21 10.51  9.34  8.61  8.19  7.91  7.58  7.02  6.21  5.34  4.64  4.18  3.80  3.30  2.76  2.47  2.61  2.92  2.87  2.42  1.99  1.76  1.74  1.93  2.07  1.68  1.24  1.12  1.29  1.89  3.15  5.15  7.00  8.52  9.64 10.33 10.72 10.99 11.32 11.69 12.00 12.24 12.61 13.19 13.92 14.59 15.07 15.32 15.30 14.86 13.97 12.85 11.94 11.60
 12.08 13.03 14.36 15.77 16.94 17.60 17.55 16.71 15.12 13.08 11.04  9.41  8.30  7.62  7.22  6.96  6.67  6.20  5.52  4.80  4.26  3.93  3.63  3.15  2.58  2.25  2.36  2.71  2.79  2.43  2.13  2.20  2.27  2.29  1.98  1.32  0.96  0.85  0.93  1.36  2.31  4.18  6.10  7.67  8.77  9.41  9.72  9.92 10.23 10.69 11.18 11.62 12.08 12.63 13.22 13.68 13.99 14.19 14.29 14.13 13.58 12.75 12.01 11.72
 11.82 12.68 13.88 15.13 16.16 16.69 16.51 15.52 13.82 11.74  9.77  8.25  7.23  6.60  6.23  5.98  5.74  5.36  4.82  4.26  3.88  3.69  3.46  2.99  2.40  2.02  2.12  2.50  2.67  2.47  2.55  2.61  2.66  2.63  2.24  1.17  0.76  0.67  0.70  0.96  1.66  3.19  5.18  6.78  7.88  8.46  8.68  8.78  9.03  9.51 10.12 10.71 11.24 11.74 12.14 12.38 12.50 12.64 12.84 12.94 12.73 12.22 11.68 11.48
 11.22 11.99 13.04 14.12 14.98 15.38 15.09 14.02 12.30 10.29  8.44  7.06  6.15  5.58  5.22  5.00  4.81  4.52  4.11  3.72  3.50  3.44  3.28  2.84  2.22  1.80  1.87  2.27  2.52  2.79  2.90  2.96  3.00  2.93  2.48  1.70  0.65  0.60  0.60  0.71  1.19  2.35  4.24  5.88  6.96  7.49  7.60  7.60  7.76  8.21  8.87  9.55 10.11 10.53 10.74 10.74 10.68 10.76 11.04 11.37 11.48 11.29 10.98 10.88
 10.33 11.01 11.90 12.80 13.49 13.76 13.40 12.31 10.64  8.75  7.07  5.85  5.05  4.54  4.21  4.01  3.87  3.67  3.40  3.17  3.12  3.19  3.11  2.68  2.03  1.57  1.61  2.03  2.57  3.06  3.20  3.27  3.30  3.19  2.74  2.14  1.19  0.60  0.60  0.60  0.86  1.69  3.28  4.96  6.04  6.50  6.52  6.40  6.45  6.84  7.48  8.19  8.75  9.06  9.07  8.86  8.63  8.64  8.99  9.52  9.92 10.02  9.95  9.98
  9.20  9.81 10.54 11.25 11.78 11.93 11.52 10.45  8.88  7.16  5.67  4.62  3.95  3.50  3.20  3.02  2.92  2.82  2.69  2.63  2.74  2.94  2.94  2.53  1.85  1.35  1.36  1.79  2.77  3.29  3.47  3.55  3.57  3.43  3.01  2.52  1.80  0.60  0.60  0.60  0.68  1.21  2.46  4.04  5.10  5.50  5.42  5.17  5.11  5.40  6.00  6.69  7.20  7.39  7.21  6.80  6.41  6.36  6.77  7.47  8.13  8.51  8.67  8.84
  7.92  8.44  9.03  9.55  9.91  9.95  9.51  8.50  7.06  5.53  4.26  3.39  2.84  2.61  2.35  2.20  2.14  2.10  2.06  2.08  2.36  2.69  2.77  2.37  1.67  1.12  1.14  1.78  2.95  3.51  3.72  3.82  3.82  3.65  3.28  2.87  2.26  1.06  0.60  0.60  0.60  0.88  1.79  3.11  4.17  4.50  4.31  3.94  3.75  3.94  4.46  5.09  5.53  5.58  5.22  4.96  4.52  4.44  4.84  5.29  6.18  6.83  7.22  7.52
  6.52  6.98  7.41  7.75  7.94  7.88  7.42  6.49  5.21  4.09  3.07  2.39  1.97  1.89  1.69  1.58  1.54  1.54  1.55  1.61  1.98  2.44  2.59  2.22  1.49  0.94  0.95  2.06  3.14  3.71  3.95  4.06  4.06  3.86  3.54  3.18  2.63  1.70  0.60  0.60  0.60  0.68  1.29  2.32  3.22  3.50  3.20  2.89  2.64  2.75  3.17  3.70  4.05  4.02  3.58  3.45  3.06  2.97  3.31  3.52  4.47  5.04  5.65  6.09
  5.04  5.44  5.73  5.89  5.91  5.75  5.28  4.72  3.66  2.90  2.15  1.66  1.36  1.34  1.21  1.13  1.12  1.13  1.16  1.25  1.60  2.19  2.42  2.06  1.31  0.80  0.81  2.34  3.32  3.90  4.17  4.29  4.28  4.07  3.79  3.46  2.96  2.16  0.60  0.60  0.60  0.60  0.92  1.69  2.42  2.63  2.29  2.06  1.82  1.87  2.18  2.59  2.84  2.77  2.37  2.27  1.97  1.90  2.14  2.27  3.10  3.53  4.21  4.58
  3.74  3.86  4.23  4.27  4.19  3.98  3.55  3.28  2.48  1.95  1.46  1.15  0.96  0.95  0.88  0.84  0.83  0.84  0.87  0.97  1.28  1.94  2.25  1.91  1.12  0.71  1.25  2.63  3.50  4.08  4.38  4.51  4.49  4.27  4.03  3.73  3.26  2.54  1.20  0.60  0.60  0.60  0.70  1.22  1.77  1.92  1.62  1.43  1.24  1.26  1.47  1.74  1.90  1.84  1.53  1.40  1.22  1.18  1.32  1.43  2.04  2.39  3.01  3.29
  2.66  2.60  2.99  2.96  2.85  2.65  2.31  2.16  1.63  1.25  0.99  0.83  0.74  0.70  0.68  0.67  0.66  0.67  0.68  0.77  1.02  1.69  2.07  1.75  0.96  0.65  1.78  2.91  3.68  4.26  4.58  4.72  4.69  4.47  4.26  3.97  3.53  2.87  1.77  0.60  0.60  0.60  0.60  0.89  1.27  1.36  1.14  0.98  0.88  0.88  0.99  1.13  1.22  1.17  1.00  0.84  0.78  0.77  0.81  0.93  1.28  1.57  2.03  2.29
  1.81  1.72  2.00  1.96  1.86  1.71  1.47  1.34  1.06  0.80  0.71  0.66  0.63  0.60  0.60  0.60  0.60  0.60  0.60  0.65  0.84  1.44  1.90  1.60  0.84  0.61  2.20  3.18  3.87  4.43  4.77  4.92  4.89  4.67  4.48  4.20  3.78  3.16  2.20  0.60  0.60  0.60  0.60  0.69  0.91  0.96  0.83  0.71  0.67  0.67  0.71  0.76  0.79  0.77  0.71  0.60  0.60  0.60  0.60  0.68  0.80  1.03  1.30  1.54
  1.18  1.14  1.28  1.24  1.18  1.09  0.95  0.82  0.73  0.60  0.60  0.60  0.60  0.60  0.60  0.60  0.60  0.60  0.60  0.60  0.71  1.19  1.73  1.44  0.74  0.60  2.55  3.43  4.06  4.60  4.95  5.11  5.07  4.86  4.69  4.42  4.02  3.43  2.55  0.60  0.60  0.60  0.60  0.60  0.69  0.71  0.66  0.60  0.60  0.60  0.60  0.60  0.60  0.60  0.60  0.60  0.60  0.60  0.60  0.60  0.60  0.72  0.82  1.03
  0.78  0.81  0.81  0.79  0.77  0.74  0.69  0.60  0.60  0.60  0.60  0.60  0.60  0.60  0.60  0.60  0.60  0.60  0.60  0.60  0.63  0.99  1.55  1.29  0.66  1.43  2.86  3.68  4.26  4.77  5.12  5.30  5.25  5.05  4.89  4.63  4.24  3.68  2.86  1.43  0.60  0.60  0.60  0.60  0.60  0.60  0.60  0.60  0.60  0.60  0.60  0.60  0.60  0.60  0.60  0.60  0.60  0.60  0.60  0.60  0.60  0.60  0.60  0.73
  0.60  0.65  0.60  0.60  0.60  0.60  0.60  0.60  0.60  0.60  0.60  0.60  0.60  0.60  0.60  0.60  0.60  0.60  0.60  0.60  0.60  0.83  1.38  1.13  0.62  1.91  3.15  3.91  4.46  4.93  5.29  5.47  5.43  5.24  5.09  4.83  4.45  3.91  3.15  1.91  0.60  0.60  0.60  0.60  0.60  0.60  0.60  0.60  0.60  0.60  0.60  0.60  0.60  0.60  0.60  0.60  0.60  0.60  0.60  0.60  0.60  0.60  0.60  0.60
  0.60  0.60  0.60  0.60  0.60  0.60  0.60  0.60  0.60  0.60  0.60  0.60  0.60  0.60  0.60  0.60  0.60  0.60  0.60  0.60  0.60  0.73  1.21  0.98  0.60  2.29  3.40  4.13  4.65  5.09  5.46  5.65  5.60  5.42  5.27  5.02  4.65  4.13  3.40  2.29  0.60  0.60  0.60  0.60  0.60  0.60  0.60  0.60  0.60  0.60  0.60  0.60  0.60  0.60  0.60  0.60  0.60  0.60  0.60  0.60  0.60  0.60  0.60  0.60
  0.60  0.60  0.60  0.60  0.60  0.60  0.60  0.60  0.60  0.60  0.60  0.60  0.60  0.60  0.60  0.60  0.60  0.60  0.60  0.60  0.60  0.65  1.04  0.85  0.60  2.62  3.64  4.34  4.84  5.25  5.62  5.81  5.76  5.59  5.45  5.20  4.84  4.34  3.64  2.62  0.60  0.60  0.60  0.60  0.60  0.60  0.60  0.60  0.60  0.60  0.60  0.60  0.60  0.60  0.60  0.60  0.60  0.60  0.60  0.60  0.60  0.60  0.60  0.60
  0.60  0.60  0.60  0.60  0.60  0.60  0.60  0.60  0.60  0.60  0.60  0.60  0.60  0.60  0.60  0.60  0.60  0.60  0.60  0.60  0.60  0.62  0.89  0.75  1.05  2.91  3.87  4.54  5.03  5.41  5.78  5.98  5.92  5.76  5.62  5.38  5.03  4.54  3.87  2.91  1.05  0.60  0.60  0.60  0.60  0.60  0.60  0.60  0.60  0.60  0.60  0.60  0.60  0.60  0.60  0.60  0.60  0.60  0.60  0.60  0.60  0.60  0.60  0.60
  0.60  0.60  0.60  0.60  0.60  0.60  0.60  0.60  0.60  0.60  0.60  0.60  0.60  0.60  0.60  0.60  0.60  0.60  0.60  0.60  0.60  0.60  0.78  0.68  1.61  3.17  4.08  4.73  5.21  5.57  5.93  6.13  6.07  5.93  5.79  5.55  5.21  4.73  4.08  3.17  1.61  0.60  0.60  0.60  0.60  0.60  0.60  0.60  0.60  0.60  0.60  0.60  0.60  0.60  0.60  0.60  0.60  0.60  0.60  0.60  0.60  0.60  0.60  0.60
  0.60  0.60  0.60  0.60  0.60  0.60  0.60  0.60  0.60  0.60  0.60  0.60  0.60  0.60  0.60  0.60  0.60  0.60  0.60  0.60  0.60  0.60  0.70  0.64  2.03  3.41  4.28  4.91  5.38  5.73  6.08  6.29  6.22  6.09  5.95  5.72  5.38  4.91  4.28  3.41  2.03  0.60  0.60  0.60  0.60  0.60  0.60  0.60  0.60  0.60  0.60  0.60  0.60  0.60  0.60  0.60  0.60  0.60  0.60  0.60  0.60  0.60  0.60  0.60
  0.60  0.60  0.60  0.60  0.60  0.60  0.60  0.60  0.60  0.60  0.60  0.60  0.60  0.60  0.60  0.60  0.60  0.60  0.60  0.60  0.60  0.60  0.64  0.61  2.37  3.64  4.48  5.09  5.55  5.88  6.22  6.44  6.37  6.25  6.11  5.88  5.55  5.09  4.48  3.64  2.37  0.60  0.60  0.60  0.60  0.60  0.60  0.60  0.60  0.60  0.60  0.60  0.60  0.60  0.60  0.60  0.60  0.60  0.60  0.60  0.60  0.60  0.60  0.60
  0.60  0.60  0.60  0.60  0.60  0.60  0.60  0.60  0.60  0.60  0.60  0.60  0.60  0.60  0.60  0.60  0.60  0.60  0.60  0.60  0.60  0.60  0.61  0.60  2.67  3.85  4.66  5.26  5.71  6.04  6.36  6.58  6.52  6.40  6.27  6.04  5.71  5.26  4.66  3.85  2.67  0.60  0.60  0.60  0.60  0.60  0.60  0.60  0.60  0.60  0.60  0.60  0.60  0.60  0.60  0.60  0.60  0.60  0.60  0.60  0.60  0.60  0.60  0.60
  0.60  0.60  0.60  0.60  0.60  0.60  0.60  0.60  0.60  0.60  0.60  0.60  0.60  0.60  0.60  0.60  0.60  0.60  0.60  0.60  0.60  0.60  0.60  0.60  2.93  4.06  4.84  5.42  5.86  6.19  6.50  6.73  6.66  6.55  6.42  6.19  5.86  5.42  4.84  4.06  2.93  0.60  0.60  0.60  0.60  0.60  0.60  0.60  0.60  0.60  0.60  0.60  0.60  0.60  0.60  0.60  0.60  0.60  0.60  0.60  0.60  0.60  0.60  0.60
  0.60  0.60  0.60  0.60  0.60  0.60  0.60  0.60  0.60  0.60  0.60  0.60  0.60  0.60  0.60  0.60  0.60  0.60  0.60  0.60  0.60  0.60  0.60  1.16  3.18  4.25  5.01  5.58  6.02  6.34  6.64  6.87  6.79  6.69  6.56  6.34  6.02  5.58  5.01  4.25  3.18  1.17  0.60  0.60  0.60  0.60  0.60  0.60  0.60  0.60  0.60  0.60  0.60  0.60  0.60  0.60  0.60  0.60  0.60  0.60  0.60  0.60  0.60  0.60
  0.60  0.60  0.60  0.60  0.60  0.60  0.60  0.60  0.60  0.60  0.60  0.60  0.60  0.60  0.60  0.60  0.60  0.60  0.60  0.60  0.60  0.60  0.60  1.66  3.41  4.43  5.17  5.74  6.17  6.48  6.77  7.00  6.93  6.83  6.70  6.48  6.17  5.74  5.17  4.43  3.41  1.66  0.60  0.60  0.60  0.60  0.60  0.60  0.60  0.60  0.60  0.60  0.60  0.60  0.60  0.60  0.60  0.60  0.60  0.60  0.60  0.60  0.60  0.60
  0.60  0.60  0.60  0.60  0.60  0.60  0.60  0.60  0.60  0.60  0.60  0.60  0.60  0.60  0.60  0.60  0.60  0.60  0.60  0.60  0.60  0.60  0.60  2.04  3.62  4.61  5.33  5.89  6.31  6.63  6.90  7.14  7.06  6.97  6.84  6.63  6.31  5.89  5.33  4.61  3.62  2.04  0.60  0.60  0.60  0.60  0.60  0.60  0.60  0.60  0.60  0.60  0.60  0.60  0.60  0.60  0.60  0.60  0.60  0.60  0.60  0.60  0.60  0.60
  0.60  0.60  0.60  0.60  0.60  0.60  0.60  0.60  0.60  0.60  0.60  0.60  0.60  0.60  0.60  0.60  0.60  0.60  0.60  0.60  0.60  0.60  0.60  2.35  3.82  4.78  5.49  6.03  6.45  6.76  7.03  7.27  7.19  7.11  6.98  6.76  6.45  6.03  5.49  4.78  3.82  2.35  0.60  0.60  0.60  0.60  0.60  0.60  0.60  0.60  0.60  0.60  0.60  0.60  0.60  0.60  0.60  0.60  0.60  0.60  0.60  0.60  0.60  0.60
  0.60  0.60  0.60  0.60  0.60  0.60  0.60  0.60  0.60  0.60  0.60  0.60  0.60  0.60  0.60  0.60  0.60  0.60  0.60  0.60  0.60  0.60  0.60  2.63  4.01  4.94  5.64  6.18  6.59  6.90  7.16  7.40  7.32  7.24  7.11  6.90  6.59  6.18  5.64  4.94  4.01  2.63  0.60  0.60  0.60  0.60  0.60  0.60  0.60  0.60  0.60  0.60  0.60  0.60  0.60  0.60  0.60  0.60  0.60  0.60  0.60  0.60  0.60  0.60
  0.60  0.60  0.60  0.60  0.60  0.60  0.60  0.60  0.60  0.60  0.60  0.60  0.60  0.60  0.60  0.60  0.60  0.60  0.60  0.60  0.60  0.60  0.60  2.89  4.20  5.10  5.78  6.32  6.73  7.03  7.28  7.52  7.44  7.37  7.25  7.03  6.73  6.32  5.78  5.10  4.20  2.89  0.60  0.60  0.60  0.60  0.60  0.60  0.60  0.60  0.60  0.60  0.60  0.60  0.60  0.60  0.60  0.60  0.60  0.60  0.60  0.60  0.60  0.60
  0.60  0.60  0.60  0.60  0.60  0.60  0.60  0.60  0.60  0.60  0.60  0.60  0.60  0.60  0.60  0.60  0.60  0.60  0.60  0.60  0.60  0.60  0.60  3.12  4.37  5.25  5.93  6.45  6.86  7.16  7.40  7.64  7.57  7.50  7.37  7.16  6.86  6.45  5.93  5.25  4.37  3.12  0.60  0.60  0.60  0.60  0.60  0.60  0.60  0.60  0.60  0.60  0.60  0.60  0.60  0.60  0.60  0.60  0.60  0.60  0.60  0.60  0.60  0.60
  0.60  0.60  0.60  0.60  0.60  0.60  0.60  0.60  0.60  0.60  0.60  0.60  0.60  0.60  0.60  0.60  0.60  0.60  0.60  0.60  0.60  0.60  0.92  3.33  4.54  5.40  6.07  6.58  6.99  7.29  7.52  7.77  7.69  7.62  7.50  7.29  6.99  6.58  6.07  5.40  4.54  3.33  0.92  0.60  0.60  0.60  0.60  0.60  0.60  0.60  0.60  0.60  0.60  0.60  0.60  0.60  0.60  0.60  0.60  0.60  0.60  0.60  0.60  0.60
  0.60  0.60  0.60  0.60  0.60  0.60  0.60  0.60  0.60  0.60  0.60  0.60  0.60  0.60  0.60  0.60  0.60  0.60  0.60  0.60  0.60  0.60  1.46  3.54  4.70  5.55  6.20  6.72  7.11  7.41  7.64  7.89  7.81  7.75  7.62  7.41  7.11  6.72  6.20  5.55  4.70  3.54  1.46  0.60  0.60  0.60  0.60  0.60  0.60  0.60  0.60  0.60  0.60  0.60  0.60  0.60  0.60  0.60  0.60  0.60  0.60  0.60  0.60  0.60
  0.60  0.60  0.60  0.60  0.60  0.60  0.60  0.60  0.60  0.60  0.60  0.60  0.60  0.60  0.60  0.60  0.60  0.60  0.60  0.60  0.60  0.60  1.85  3.73  4.85  5.69  6.33  6.84  7.24  7.54  7.76  8.00  7.92  7.87  7.74  7.54  7.24  6.84  6.33  5.69  4.85  3.73  1.85  0.60  0.60  0.60  0.60  0.60  0.60  0.60  0.60  0.60  0.60  0.60  0.60  0.60  0.60  0.60  0.60  0.60  0.60  0.60  0.60  0.60
  0.60  0.60  0.60  0.60  0.60  0.60  0.60  0.60  0.60  0.60  0.60  0.60  0.60  0.60  0.60  0.60  0.60  0.60  0.60  0.60  0.60  0.60  2.17  3.91  5.01  5.82  6.46  6.97  7.36  7.66  7.87  8.12  8.04  7.99  7.86  7.66  7.36  6.97  6.46  5.82  5.01  3.91  2.17  0.60  0.60  0.60  0.60  0.60  0.60  0.60  0.60  0.60  0.60  0.60  0.60  0.60  0.60  0.60  0.60  0.60  0.60  0.60  0.60  0.60
  0.60  0.60  0.60  0.60  0.60  0.60  0.60  0.60  0.60  0.60  0.60  0.60  0.60  0.60  0.60  0.60  0.60  0.60  0.60  0.60  0.60  0.60  2.45  4.08  5.15  5.96  6.59  7.09  7.48  7.77  7.99  8.23  8.15  8.10  7.98  7.77  7.48  7.09  6.59  5.96  5.15  4.08  2.45  0.60  0.60  0.60  0.60  0.60  0.60  0.60  0.60  0.60  0.60  0.60  0.60  0.60  0.60  0.60  0.60  0.60  0.60  0.60  0.60  0.60
  0.60  0.60  0.60  0.60  0.60  0.60  0.60  0.60  0.60  0.60  0.60  0.60  0.60  0.60  0.60  0.60  0.60  0.60  0.60  0.60  0.60  0.60  2.69  4.25  5.29  6.09  6.71  7.21  7.60  7.89  8.10  8.34  8.26  8.22  8.10  7.89  7.60  7.21  6.71  6.09  5.29  4.25  2.69  0.60  0.60  0.60  0.60  0.60  0.60  0.60  0.60  0.60  0.60  0.60  0.60  0.60  0.60  0.60  0.60  0.60  0.60  0.60  0.60  0.60
  0.60  0.60  0.60  0.60  0.60  0.60  0.60  0.60  0.60  0.60  0.60  0.60  0.60  0.60  0.60  0.60  0.60  0.60  0.60  0.60  0.60  0.60  2.92  4.41  5.43  6.22  6.83  7.33  7.71  8.00  8.21  8.45  8.37  8.33  8.21  8.00  7.71  7.33  6.84  6.22  5.43  4.41  2.92  0.60  0.60  0.60  0.60  0.60  0.60  0.60  0.60  0.60  0.60  0.60  0.60  0.60  0.60  0.60  0.60  0.60  0.60  0.60  0.60  0.60
  0.60  0.60  0.60  0.60  0.60  0.60  0.60  0.60  0.60  0.60  0.60  0.60  0.60  0.60  0.60  0.60  0.60  0.60  0.60  0.60  0.60  0.60  3.13  4.56  5.57  6.34  6.95  7.44  7.83  8.12  8.32  8.56  8.48  8.44  8.32  8.12  7.83  7.44  6.95  6.34  5.57  4.56  3.13  0.60  0.60  0.60  0.60  0.60  0.60  0.60  0.60  0.60  0.60  0.60  0.60  0.60  0.60  0.60  0.60  0.60  0.60  0.60  0.60  0.60
  0.60  0.60  0.60  0.60  0.60  0.60  0.60  0.60  0.60  0.60  0.60  0.60  0.60  0.60  0.60  0.60  0.60  0.60  0.60  0.60  0.60  0.60  3.33  4.71  5.70  6.46  7.07  7.56  7.94  8.23  8.43  8.67  8.59  8.55  8.43  8.23  7.94  7.56  7.07  6.46  5.70  4.71  3.33  0.60  0.60  0.60  0.60  0.60  0.60  0.60  0.60  0.60  0.60  0.60  0.60  0.60  0.60  0.60  0.60  0.60  0.60  0.60  0.60  0.60
  0.60  0.60  0.60  0.60  0.60  0.60  0.60  0.60  0.60  0.60  0.60  0.60  0.60  0.60  0.60  0.60  0.60  0.60  0.60  0.60  0.60  0.60  3.52  4.86  5.83  6.58  7.19  7.67  8.05  8.34  8.54  8.77  8.70  8.66  8.54  8.34  8.05  7.67  7.19  6.58  5.83  4.86  3.52  0.60  0.60  0.60  0.60  0.60  0.60  0.60  0.60  0.60  0.60  0.60  0.60  0.60  0.60  0.60  0.60  0.60  0.60  0.60  0.60  0.60
  0.60  0.60  0.60  0.60  0.60  0.60  0.60  0.60  0.60  0.60  0.60  0.60  0.60  0.60  0.60  0.60  0.60  0.60  0.60  0.60  0.60  1.26  3.70  5.00  5.95  6.70  7.30  7.78  8.16  8.44  8.64  8.87  8.80  8.76  8.64  8.44  8.16  7.78  7.30  6.70  5.95  5.00  3.70  1.26  0.60  0.60  0.60  0.60  0.60  0.60  0.60  0.60  0.60  0.60  0.60  0.60  0.60  0.60  0.60  0.60  0.60  0.60  0.60  0.60
  0.60  0.60  0.60  0.60  0.60  0.60  0.60  0.60  0.60  0.60  0.60  0.60  0.60  0.60  0.60  0.60  0.60  0.60  0.60  0.60  0.60  1.66  3.87  5.13  6.07  6.81  7.41  7.89  8.26  8.55  8.75  8.98  8.91  8.87  8.75  8.55  8.26  7.89  7.41  6.81  6.07  5.13  3.87  1.66  0.60  0.60  0.60  0.60  0.60  0.60  0.60  0.60  0.60  0.60  0.60  0.60  0.60  0.60  0.60  0.60  0.60  0.60  0.60  0.60
  0.60  0.60  0.60  0.60  0.60  0.60  0.60  0.60  0.60  0.60  0.60  0.60  0.60  0.60  0.60  0.60  0.60  0.60  0.60  0.60  0.60  1.98  4.03  5.27  6.19  6.93  7.52  7.99  8.37  8.65  8.85  9.08  9.01  8.97  8.85  8.65  8.37  7.99  7.52  6.93  6.19  5.27  4.03  1.98  0.60  0.60  0.60  0.60  0.60  0.60  0.60  0.60  0.60  0.60  0.60  0.60  0.60  0.60  0.60  0.60  0.60  0.60  0.60  0.60
  0.60  0.60  0.60  0.60  0.60  0.60  0.60  0.60  0.60  0.60  0.60  0.60  0.60  0.60  0.60  0.60  0.60  0.60  0.60  0.60  0.60  2.26  4.18  5.39  6.31  7.04  7.62  8.10  8.47  8.75  8.95  9.18  9.11  9.07  8.95  8.75  8.47  8.10  7.62  7.04  6.31  5.39  4.18  2.26  0.60  0.60  0.60  0.60  0.60  0.60  0.60  0.60  0.60  0.60  0.60  0.60  0.60  0.60  0.60  0.60  0.60  0.60  0.60  0.60
  0.60  0.60  0.60  0.60  0.60  0.60  0.60  0.60  0.60  0.60  0.60  0.60  0.60  0.60  0.60  0.60  0.60  0.60  0.60  0.60  0.60  2.50  4.33  5.52  6.42  7.15  7.73  8.20  8.57  8.85  9.05  9.27  9.21  9.17  9.05  8.85  8.57  8.20  7.73  7.15  6.42  5.52  4.33  2.50  0.60  0.60  0.60  0.60  0.60  0.60  0.60  0.60  0.60  0.60  0.60  0.60  0.60  0.60  0.60  0.60  0.60  0.60  0.60  0.60
  0.60  0.60  0.60  0.60  0.60  0.60  0.60  0.60  0.60  0.60  0.60  0.60  0.60  0.60  0.60  0.60  0.60  0.60  0.60  0.60  0.60  2.73  4.48  5.64  6.54  7.25  7.83  8.30  8.67  8.95  9.15  9.37  9.31  9.27  9.15  8.95  8.67  8.30  7.83  7.25  6.54  5.64  4.48  2.73  0.60  0.60  0.60  0.60  0.60  0.60  0.60  0.60  0.60  0.60  0.60  0.60  0.60  0.60  0.60  0.60  0.60  0.60  0.60  0.60
  0.60  0.60  0.60  0.60  0.60  0.60  0.60  0.60  0.60  0.60  0.60  0.60  0.60  0.60  0.60  0.60  0.60  0.60  0.60  0.60  0.60  2.93  4.62  5.76  6.65  7.36  7.94  8.40  8.77  9.05  9.25  9.46  9.40  9.36  9.25  9.05  8.77  8.40  7.94  7.36  6.65  5.76  4.62  2.93  0.60  0.60  0.60  0.60  0.60  0.60  0.60  0.60  0.60  0.60  0.60  0.60  0.60  0.60  0.60  0.60  0.60  0.60  0.60  0.60
  0.60  0.60  0.60  0.60  0.60  0.60  0.60  0.60  0.60  0.60  0.60  0.60  0.60  0.60  0.60  0.60  0.60  0.60  0.60  0.60  0.60  3.13  4.75  5.88  6.76  7.46  8.04  8.50  8.87  9.15  9.34  9.56  9.50  9.46  9.34  9.15  8.87  8.50  8.04  7.46  6.76  5.88  4.75  3.13  0.60  0.60  0.60  0.60  0.60  0.60  0.60  0.60  0.60  0.60  0.60  0.60  0.60  0.60  0.60  0.60  0.60  0.60  0.60  0.60
  0.60  0.60  0.60  0.60  0.60  0.60  0.60  0.60  0.60  0.60  0.60  0.60  0.60  0.60  0.60  0.60  0.60  0.60  0.60  0.60  0.60  3.31  4.88  5.99  6.86  7.56  8.13  8.60  8.96  9.24  9.44  9.65  9.59  9.55  9.44  9.24  8.96  8.60  8.13  7.56  6.86  5.99  4.88  3.31  0.60  0.60  0.60  0.60  0.60  0.60  0.60  0.60  0.60  0.60  0.60  0.60  0.60  0.60  0.60  0.60  0.60  0.60  0.60  0.60
  0.60  0.60  0.60  0.60  0.60  0.60  0.60  0.60  0.60  0.60  0.60  0.60  0.60  0.60  0.60  0.60  0.60  0.60  0.60  0.60  0.60  3.48  5.01  6.11  6.97  7.66  8.23  8.69  9.06  9.34  9.53  9.74  9.69  9.65  9.53  9.34  9.06  8.69  8.23  7.66  6.97  6.11  5.01  3.48  0.60  0.60  0.60  0.60  0.60  0.60  0.60  0.60  0.60  0.60  0.60  0.60  0.60  0.60  0.60  0.60  0.60  0.60  0.60  0.60
  0.60  0.60  0.60  0.60  0.60  0.60  0.60  0.60  0.60  0.60  0.60  0.60  0.60  0.60  0.60  0.60  0.60  0.60  0.60  0.60  0.60  3.64  5.14  6.22  7.07  7.76  8.33  8.79  9.15  9.43  9.62  9.83  9.78  9.74  9.62  9.43  9.15  8.79  8.33  7.76  7.07  6.22  5.14  3.64  0.60  0.60  0.60  0.60  0.60  0.60  0.60  0.60  0.60  0.60  0.60  0.60  0.60  0.60  0.60  0.60  0.60  0.60  0.60  0.60
  0.60  0.60  0.60  0.60  0.60  0.60  0.60  0.60  0.60  0.60  0.60  0.60  0.60  0.60  0.60  0.60  0.60  0.60  0.60  0.60  0.60  3.80  5.26  6.32  7.17  7.86  8.42  8.88  9.24  9.52  9.71  9.92  9.87  9.83  9.71  9.52  9.24  8.88  8.42  7.86  7.17  6.32  5.26  3.80  0.60  0.60  0.60  0.60  0.60  0.60  0.60  0.60  0.60  0.60  0.60  0.60  0.60  0.60  0.60  0.60  0.60  0.60  0.60  0.60
  0.60  0.60  0.60  0.60  0.60  0.60  0.60  0.60  0.60  0.60  0.60  0.60  0.60  0.60  0.60  0.60  0.60  0.60  0.60  0.60  1.26  3.95  5.38  6.43  7.27  7.95  8.51  8.97  9.33  9.61  9.80 10.01  9.96  9.92  9.80  9.61  9.33  8.97  8.51  7.95  7.27  6.43  5.38  3.95  1.26  0.60  0.60  0.60  0.60  0.60  0.60  0.60  0.60  0.60  0.60  0.60  0.60  0.60  0.60  0.60  0.60  0.60  0.60  0.60
  0.60  0.60  0.60  0.60  0.60  0.60  0.60  0.60  0.60  0.60  0.60  0.60  0.60  0.60  0.60  0.60  0.60  0.60  0.60  0.60  1.62  4.09  5.49  6.53  7.37  8.05  8.61  9.06  9.42  9.70  9.89 10.09 10.04 10.01  9.89  9.70  9.42  9.06  8.61  8.05  7.37  6.53  5.49  4.09  1.62  0.60  0.60  0.60  0.60  0.60  0.60  0.60  0.60  0.60  0.60  0.60  0.60  0.60  0.60  0.60  0.60  0.60  0.60  0.60
  0.60  0.60  0.60  0.60  0.60  0.60  0.60  0.60  0.60  0.60  0.60  0.60  0.60  0.60  0.60  0.60  0.60  0.60  0.60  0.60  1.92  4.23  5.60  6.64  7.46  8.14  8.70  9.15  9.51  9.78  9.98 10.18 10.13 10.09  9.98  9.78  9.51  9.15  8.70  8.14  7.46  6.64  5.60  4.23  1.92  0.60  0.60  0.60  0.60  0.60  0.60  0.60  0.60  0.60  0.60  0.60  0.60  0.60  0.60  0.60  0.60  0.60  0.60  0.60
  0.60  0.60  0.60  0.60  0.60  0.60  0.60  0.60  0.60  0.60  0.60  0.60  0.60  0.60  0.60  0.60  0.60  0.60  0.60  0.60  2.18  4.37  5.72  6.74  7.56  8.23  8.79  9.24  9.60  9.87 10.06 10.26 10.22 10.18 10.06  9.87  9.60  9.24  8.79  8.23  7.56  6.74  5.72  4.37  2.18  0.60  0.60  0.60  0.60  0.60  0.60  0.60  0.60  0.60  0.60  0.60  0.60  0.60  0.60  0.60  0.60  0.60  0.60  0.60
  0.60  0.60  0.60  0.60  0.60  0.60  0.60  0.60  0.60  0.60  0.60  0.60  0.60  0.60  0.60  0.60  0.60  0.60  0.60  0.60  2.41  4.50  5.82  6.84  7.65  8.32  8.87  9.32  9.68  9.96 10.15 10.35 10.30 10.26 10.15  9.96  9.68  9.32  8.87  8.32  7.65  6.84  5.82  4.50  2.41  0.60  0.60  0.60  0.60  0.60  0.60  0.60  0.60  0.60  0.60  0.60  0.60  0.60  0.60  0.60  0.60  0.60  0.60  0.60
  0.60  0.60  0.60  0.60  0.60  0.60  0.60  0.60  0.60  0.60  0.60  0.60  0.60  0.60  0.60  0.60  0.60  0.60  0.60  0.60  2.62  4.63  5.93  6.93  7.74  8.41  8.96  9.41  9.77 10.04 10.23 10.43 10.39 10.35 10.23 10.04  9.77  9.41  8.96  8.41  7.74  6.93  5.93  4.63  2.62  0.60  0.60  0.60  0.60  0.60  0.60  0.60  0.60  0.60  0.60  0.60  0.60  0.60  0.60  0.60  0.60  0.60  0.60  0.60
  0.60  0.60  0.60  0.60  0.60  0.60  0.60  0.60  0.60  0.60  0.60  0.60  0.60  0.60  0.60  0.60  0.60  0.60  0.60  0.60  2.82  4.75  6.03  7.03  7.83  8.50  9.05  9.49  9.85 10.12 10.32 10.51 10.47 10.43 10.32 10.12  9.85  9.49  9.05  8.50  7.83  7.03  6.03  4.75  2.82  0.60  0.60  0.60  0.60  0.60  0.60  0.60  0.60  0.60  0.60  0.60  0.60  0.60  0.60  0.60  0.60  0.60  0.60  0.60
  0.60  0.60  0.60  0.60  0.60  0.60  0.60  0.60  0.60  0.60  0.60  0.60  0.60  0.60  0.60  0.60  0.60  0.60  0.60  0.60  3.00  4.87  6.14  7.12  7.92  8.58  9.13  9.58  9.93 10.21 10.40 10.59 10.55 10.51 10.40 10.21  9.93  9.58  9.13  8.58  7.92  7.12  6.14  4.87  3.00  0.60  0.60  0.60  0.60  0.60  0.60  0.60  0.60  0.60  0.60  0.60  0.60  0.60  0.60  0.60  0.60  0.60  0.60  0.60
  0.60  0.60  0.60  0.60  0.60  0.60  0.60  0.60  0.60  0.60  0.60  0.60  0.60  0.60  0.60  0.60  0.60  0.60  0.60  0.60  3.17  4.99  6.24  7.21  8.01  8.67  9.21  9.66 10.02 10.29 10.48 10.67 10.63 10.59 10.48 10.29 10.02  9.66  9.21  8.67  8.01  7.21  6.24  4.99  3.17  0.60  0.60  0.60  0.60  0.60  0.60  0.60  0.60  0.60  0.60  0.60  0.60  0.60  0.60  0.60  0.60  0.60  0.60  0.60
  0.60  0.60  0.60  0.60  0.60  0.60  0.60  0.60  0.60  0.60  0.60  0.60  0.60  0.60  0.60  0.60  0.60  0.60  0.60  0.60  3.34  5.10  6.33  7.30  8.10  8.75  9.30  9.74 10.10 10.37 10.56 10.75 10.71 10.67 10.56 10.37 10.10  9.74  9.30  8.75  8.10  7.30  6.33  5.10  3.34  0.60  0.60  0.60  0.60  0.60  0.60  0.60  0.60  0.60  0.60  0.60  0.60  0.60  0.60  0.60  0.60  0.60  0.60  0.60
  0.60  0.60  0.60  0.60  0.60  0.60  0.60  0.60  0.60  0.60  0.60  0.60  0.60  0.60  0.60  0.60  0.60  0.60  0.60  0.60  3.49  5.21  6.43  7.39  8.18  8.84  9.38  9.82 10.17 10.45 10.64 10.82 10.79 10.75 10.64 10.45 10.17  9.82  9.38  8.84  8.18  7.39  6.43  5.21  3.49  0.60  0.60  0.60  0.60  0.60  0.60  0.60  0.60  0.60  0.60  0.60  0.60  0.60  0.60  0.60  0.60  0.60  0.60  0.60
  0.60  0.60  0.60  0.60  0.60  0.60  0.60  0.60  0.60  0.60  0.60  0.60  0.60  0.60  0.60  0.60  0.60  0.60  0.60  0.60  3.64  5.32  6.53  7.48  8.27  8.92  9.46  9.90 10.25 10.52 10.71 10.90 10.87 10.83 10.71 10.52 10.25  9.90  9.46  8.92  8.27  7.48  6.53  5.32  3.64  0.60  0.60  0.60  0.60  0.60  0.60  0.60  0.60  0.60  0.60  0.60  0.60  0.60  0.60  0.60  0.60  0.60  0.60  0.60
  0.60  0.60  0.60  0.60  0.60  0.60  0.60  0.60  0.60  0.60  0.60  0.60  0.60  0.60  0.60  0.60  0.60  0.60  0.60  0.60  3.78  5.43  6.62  7.57  8.35  9.00  9.54  9.98 10.33 10.60 10.79 10.97 10.94 10.90 10.79 10.60 10.33  9.98  9.54  9.00  8.35  7.57  6.62  5.43  3.78  0.60  0.60  0.60  0.60  0.60  0.60  0.60  0.60  0.60  0.60  0.60  0.60  0.60  0.60  0.60  0.60  0.60  0.60  0.60
  0.60  0.60  0.60  0.60  0.60  0.60  0.60  0.60  0.60  0.60  0.60  0.60  0.60  0.60  0.60  0.60  0.60  0.60  0.60  0.60  3.92  5.53  6.71  7.65  8.43  9.08  9.61 10.05 10.41 10.68 10.87 11.05 11.02 10.98 10.87 10.68 10.41 10.05  9.61  9.08  8.43  7.65  6.71  5.53  3.92  0.60  0.60  0.60  0.60  0.60  0.60  0.60  0.60  0.60  0.60  0.60  0.60  0.60  0.60  0.60  0.60  0.60  0.60  0.60
  0.60  0.60  0.60  0.60  0.60  0.60  0.60  0.60  0.60  0.60  0.60  0.60  0.60  0.60  0.60  0.60  0.60  0.60  0.60  0.60  4.05  5.63  6.80  7.74  8.51  9.16  9.69 10.13 10.48 10.75 10.94 11.12 11.09 11.05 10.94 10.75 10.48 10.13  9.69  9.16  8.51  7.74  6.80  5.63  4.05  0.60  0.60  0.60  0.60  0.60  0.60  0.60  0.60  0.60  0.60  0.60  0.60  0.60  0.60  0.60  0.60  0.60  0.60  0.60
  0.60  0.60  0.60  0.60  0.60  0.60  0.60  0.60  0.60  0.60  0.60  0.60  0.60  0.60  0.60  0.60  0.60  0.60  0.60  1.19  4.18  5.73  6.89  7.82  8.59  9.23  9.77 10.21 10.56 10.83 11.02 11.19 11.17 11.13 11.02 10.83 10.56 10.21  9.77  9.23  8.59  7.82  6.89  5.73  4.18  1.19  0.60  0.60  0.60  0.60  0.60  0.60  0.60  0.60  0.60  0.60  0.60  0.60  0.60  0.60  0.60  0.60  0.60  0.60
  0.60  0.60  0.60  0.60  0.60  0.60  0.60  0.60  0.60  0.60  0.60  0.60  0.60  0.60  0.60  0.60  0.60  0.60  0.60  1.54  4.30  5.83  6.98  7.90  8.67  9.31  9.84 10.28 10.63 10.90 11.09 11.27 11.24 11.20 11.09 10.90 10.63 10.28  9.84  9.31  8.67  7.90  6.98  5.83  4.30  1.54  0.60  0.60  0.60  0.60  0.60  0.60  0.60  0.60  0.60  0.60  0.60  0.60  0.60  0.60  0.60  0.60  0.60  0.60
  0.60  0.60  0.60  0.60  0.60  0.60  0.60  0.60  0.60  0.60  0.60  0.60  0.60  0.60  0.60  0.60  0.60  0.60  0.60  1.83  4.42  5.93  7.06  7.98  8.75  9.39  9.92 10.35 10.70 10.97 11.16 11.34 11.31 11.27 11.16 10.97 10.70 10.35  9.92  9.39  8.75  7.98  7.06  5.93  4.42  1.83  0.60  0.60  0.60  0.60  0.60  0.60  0.60  0.60  0.60  0.60  0.60  0.60  0.60  0.60  0.60  0.60  0.60  0.60
  0.60  0.60  0.60  0.60  0.60  0.60  0.60  0.60  0.60  0.60  0.60  0.60  0.60  0.60  0.60  0.60  0.60  0.60  0.60  2.07  4.54  6.02  7.15  8.06  8.82  9.46  9.99 10.43 10.78 11.04 11.23 11.41 11.38 11.34 11.23 11.04 10.78 10.43  9.99  9.46  8.82  8.06  7.15  6.02  4.54  2.07  0.60  0.60  0.60  0.60  0.60  0.60  0.60  0.60  0.60  0.60  0.60  0.60  0.60  0.60  0.60  0.60  0.60  0.60
  0.60  0.60  0.60  0.60  0.60  0.60  0.60  0.60  0.60  0.60  0.60  0.60  0.60  0.60  0.60  0.60  0.60  0.60  0.60  2.29  4.65  6.11  7.23  8.14  8.90  9.53 10.06 10.50 10.85 11.11 11.30 11.48 11.45 11.41 11.30 11.11 10.85 10.50 10.06  9.53  8.90  8.14  7.23  6.11  4.65  2.29  0.60  0.60  0.60  0.60  0.60  0.60  0.60  0.60  0.60  0.60  0.60  0.60  0.60  0.60  0.60  0.60  0.60  0.60
  0.60  0.60  0.60  0.60  0.60  0.60  0.60  0.60  0.60  0.60  0.60  0.60  0.60  0.60  0.60  0.60  0.60  0.60  0.60  2.50  4.76  6.21  7.32  8.22  8.97  9.61 10.13 10.57 10.92 11.18 11.37 11.54 11.52 11.48 11.37 11.18 10.92 10.57 10.13  9.61  8.97  8.22  7.32  6.21  4.76  2.50  0.60  0.60  0.60  0.60  0.60  0.60  0.60  0.60  0.60  0.60  0.60  0.60  0.60  0.60  0.60  0.60  0.60  0.60
  0.60  0.60  0.60  0.60  0.60  0.60  0.60  0.60  0.60  0.60  0.60  0.60  0.60  0.60  0.60  0.60  0.60  0.60  0.60  2.68  4.87  6.30  7.40  8.30  9.05  9.68 10.20 10.64 10.99 11.25 11.44 11.61 11.59 11.55 11.44 11.25 10.99 10.64 10.20  9.68  9.05  8.30  7.40  6.30  4.87  2.68  0.60  0.60  0.60  0.60  0.60  0.60  0.60  0.60  0.60  0.60  0.60  0.60  0.60  0.60  0.60  0.60  0.60  0.60
  0.60  0.60  0.60  0.60  0.60  0.60  0.60  0.60  0.60  0.60  0.60  0.60  0.60  0.60  0.60  0.60  0.60  0.60  0.60  2.86  4.98  6.38  7.48  8.37  9.12  9.75 10.27 10.71 11.05 11.32 11.51 11.68 11.66 11.62 11.51 11.32 11.05 10.71 10.27  9.75  9.12  8.37  7.48  6.38  4.98  2.86  0.60  0.60  0.60  0.60  0.60  0.60  0.60  0.60  0.60  0.60  0.60  0.60  0.60  0.60  0.60  0.60  0.60  0.60
  0.60  0.60  0.60  0.60  0.60  0.60  0.60  0.60  0.60  0.60  0.60  0.60  0.60  0.60  0.60  0.60  0.60  0.60  0.60  3.02  5.08  6.47  7.56  8.45  9.19  9.82 10.34 10.78 11.12 11.39 11.57 11.74 11.72 11.69 11.57 11.39 11.12 10.78 10.34  9.82  9.19  8.45  7.56  6.47  5.08  3.02  0.60  0.60  0.60  0.60  0.60  0.60  0.60  0.60  0.60  0.60  0.60  0.60  0.60  0.60  0.60  0.60  0.60  0.60
  0.60  0.60  0.60  0.60  0.60  0.60  0.60  0.60  0.60  0.60  0.60  0.60  0.60  0.60  0.60  0.60  0.60  0.60  0.60  3.17  5.18  6.56  7.63  8.52  9.26  9.89 10.41 10.84 11.19 11.45 11.64 11.81 11.79 11.75 11.64 11.45 11.19 10.84 10.41  9.89  9.26  8.52  7.63  6.56  5.18  3.17  0.60  0.60  0.60  0.60  0.60  0.60  0.60  0.60  0.60  0.60  0.60  0.60  0.60  0.60  0.60  0.60  0.60  0.60
  0.60  0.60  0.60  0.60  0.60  0.60  0.60  0.60  0.60  0.60  0.60  0.60  0.60  0.60  0.60  0.60  0.60  0.60  0.60  3.32  5.28  6.64  7.71  8.59  9.33  9.96 10.48 10.91 11.25 11.52 11.71 11.87 11.86 11.82 11.71 11.52 11.25 10.91 10.48  9.96  9.33  8.59  7.71  6.64  5.28  3.32  0.60  0.60  0.60  0.60  0.60  0.60  0.60  0.60  0.60  0.60  0.60  0.60  0.60  0.60  0.60  0.60  0.60  0.60
  0.60  0.60  0.60  0.60  0.60  0.60  0.60  0.60  0.60  0.60  0.60  0.60  0.60  0.60  0.60  0.60  0.60  0.60  0.60  3.46  5.38  6.72  7.79  8.66  9.40 10.02 10.54 10.97 11.32 11.58 11.77 11.94 11.92 11.88 11.77 11.58 11.32 10.97 10.54 10.02  9.40  8.66  7.79  6.72  5.38  3.46  0.60  0.60  0.60  0.60  0.60  0.60  0.60  0.60  0.60  0.60  0.60  0.60  0.60  0.60  0.60  0.60  0.60  0.60
  0.60  0.60  0.60  0.60  0.60  0.60  0.60  0.60  0.60  0.60  0.60  0.60  0.60  0.60  0.60  0.60  0.60  0.60  0.60  3.60  5.47  6.80  7.86  8.73  9.47 10.09 10.61 11.04 11.38 11.65 11.83 12.00 11.98 11.95 11.83 11.65 11.38 11.04 10.61 10.09  9.47  8.73  7.86  6.80  5.47  3.60  0.60  0.60  0.60  0.60  0.60  0.60  0.60  0.60  0.60  0.60  0.60  0.60  0.60  0.60  0.60  0.60  0.60  0.60
  0.60  0.60  0.60  0.60  0.60  0.60  0.60  0.60  0.60  0.60  0.60  0.60  0.60  0.60  0.60  0.60  0.60  0.60  0.60  3.73  5.57  6.88  7.93  8.80  9.54 10.16 10.67 11.10 11.45 11.71 11.90 12.06 12.05 12.01 11.90 11.71 11.45 11.10 10.67 10.16  9.54  8.80  7.93  6.88  5.57  3.73  0.60  0.60  0.60  0.60  0.60  0.60  0.60  0.60  0.60  0.60  0.60  0.60  0.60  0.60  0.60  0.60  0.60  0.60
  0.60  0.60  0.60  0.60  0.60  0.60  0.60  0.60  0.60  0.60  0.60  0.60  0.60  0.60  0.60  0.60  0.60  0.60  0.60  3.86  5.66  6.96  8.01  8.87  9.60 10.22 10.74 11.17 11.51 11.77 11.96 12.12 12.11 12.07 11.96 11.77 11.51 11.17 10.74 10.22  9.60  8.87  8.01  6.96  5.66  3.86  0.60  0.60  0.60  0.60  0.60  0.60  0.60  0.60  0.60  0.60  0.60  0.60  0.60  0.60  0.60  0.60  0.60  0.60
  0.60  0.60  0.60  0.60  0.60  0.60  0.60  0.60  0.60  0.60  0.60  0.60  0.60  0.60  0.60  0.60  0.60  0.60  0.60  3.98  5.75  7.04  8.08  8.94  9.67 10.29 10.80 11.23 11.57 11.83 12.02 12.18 12.17 12.13 12.02 11.83 11.57 11.23 10.80 10.29  9.67  8.94  8.08  7.04  5.75  3.98  0.60  0.60  0.60  0.60  0.60  0.60  0.60  0.60  0.60  0.60  0.60  0.60  0.60  0.60  0.60  0.60  0.60  0.60
  0.60  0.60  0.60  0.60  0.60  0.60  0.60  0.60  0.60  0.60  0.60  0.60  0.60  0.60  0.60  0.60  0.60  0.60  0.60  4.10  5.84  7.12  8.15  9.01  9.73 10.35 10.86 11.29 11.63 11.90 12.08 12.24 12.23 12.19 12.08 11.90 11.63 11.29 10.86 10.35  9.73  9.01  8.15  7.12  5.84  4.10  0.60  0.60  0.60  0.60  0.60  0.60  0.60  0.60  0.60  0.60  0.60  0.60  0.60  0.60  0.60  0.60  0.60  0.60
  0.60  0.60  0.60  0.60  0.60  0.60  0.60  0.60  0.60  0.60  0.60  0.60  0.60  0.60  0.60  0.60  0.60  0.60  0.60  4.21  5.92  7.19  8.22  9.08  9.80 10.41 10.93 11.35 11.69 11.96 12.14 12.30 12.29 12.25 12.14 11.96 11.69 11.35 10.93 10.41  9.80  9.08  8.22  7.19  5.92  4.21  0.60  0.60  0.60  0.60  0.60  0.60  0.60  0.60  0.60  0.60  0.60  0.60  0.60  0.60  0.60  0.60  0.60  0.60
  0.60  0.60  0.60  0.60  0.60  0.60  0.60  0.60  0.60  0.60  0.60  0.60  0.60  0.60  0.60  0.60  0.60  0.60  0.86  4.32  6.01  7.27  8.29  9.14  9.86 10.47 10.99 11.41 11.75 12.02 12.20 12.36 12.35 12.31 12.20 12.02 11.75 11.41 10.99 10.47  9.86  9.14  8.29  7.27  6.01  4.32  0.86  0.60  0.60  0.60  0.60  0.60  0.60  0.60  0.60  0.60  0.60  0.60  0.60  0.60  0.60  0.60  0.60  0.60
  0.60  0.60  0.60  0.60  0.60  0.60  0.60  0.60  0.60  0.60  0.60  0.60  0.60  0.60  0.60  0.60  0.60  0.60  1.27  4.43  6.09  7.34  8.36  9.21  9.92 10.53 11.05 11.47 11.81 12.07 12.26 12.42 12.41 12.37 12.26 12.07 11.81 11.47 11.05 10.53  9.92  9.21  8.36  7.34  6.09  4.43  1.27  0.60  0.60  0.60  0.60  0.60  0.60  0.60  0.60  0.60  0.60  0.60  0.60  0.60  0.60  0.60  0.60  0.60
  0.60  0.60  0.60  0.60  0.60  0.60  0.60  0.60  0.60  0.60  0.60  0.60  0.60  0.60  0.60  0.60  0.60  0.60  1.58  4.54  6.17  7.41  8.42  9.27  9.99 10.59 11.11 11.53 11.87 12.13 12.32 12.47 12.46 12.43 12.32 12.13 11.87 11.53 11.11 10.59  9.99  9.27  8.42  7.41  6.17  4.54  1.58  0.60  0.60  0.60  0.60  0.60  0.60  0.60  0.60  0.60  0.60  0.60  0.60  0.60  0.60  0.60  0.60  0.60
  0.60  0.60  0.60  0.60  0.60  0.60  0.60  0.60  0.60  0.60  0.60  0.60  0.60  0.60  0.60  0.60  0.60  0.60  1.84  4.64  6.26  7.49  8.49  9.33 10.05 10.65 11.16 11.59 11.93 12.19 12.37 12.53 12.52 12.48 12.37 12.19 11.93 11.59 11.16 10.65 10.05  9.33  8.49  7.49  6.26  4.64  1.84  0.60  0.60  0.60  0.60  0.60  0.60  0.60  0.60  0.60  0.60  0.60  0.60  0.60  0.60  0.60  0.60  0.60
  0.60  0.60  0.60  0.60  0.60  0.60  0.60  0.60  0.60  0.60  0.60  0.60  0.60  0.60  0.60  0.60  0.60  0.60  2.07  4.74  6.34  7.56  8.56  9.40 10.11 10.71 11.22 11.64 11.98 12.25 12.43 12.58 12.58 12.54 12.43 12.25 11.98 11.64 11.22 10.71 10.11  9.40  8.56  7.56  6.34  4.74  2.07  0.60  0.60  0.60  0.60  0.60  0.60  0.60  0.60  0.60  0.60  0.60  0.60  0.60  0.60  0.60  0.60  0.60
  0.60  0.60  0.60  0.60  0.60  0.60  0.60  0.60  0.60  0.60  0.60  0.60  0.60  0.60  0.60  0.60  0.60  0.60  2.27  4.84  6.41  7.63  8.62  9.46 10.17 10.77 11.28 11.70 12.04 12.30 12.49 12.64 12.63 12.60 12.49 12.30 12.04 11.70 11.28 10.77 10.17  9.46  8.62  7.63  6.41  4.84  2.27  0.60  0.60  0.60  0.60  0.60  0.60  0.60  0.60  0.60  0.60  0.60  0.60  0.60  0.60  0.60  0.60  0.60
  0.60  0.60  0.60  0.60  0.60  0.60  0.60  0.60  0.60  0.60  0.60  0.60  0.60  0.60  0.60  0.60  0.60  0.60  2.46  4.94  6.49  7.70  8.68  9.52 10.23 10.83 11.34 11.76 12.10 12.36 12.54 12.69 12.69 12.65 12.54 12.36 12.10 11.76 11.34 10.83 10.23  9.52  8.68  7.70  6.49  4.94  2.46  0.60  0.60  0.60  0.60  0.60  0.60  0.60  0.60  0.60  0.60  0.60  0.60  0.60  0.60  0.60  0.60  0.60
  0.60  0.60  0.60  0.60  0.60  0.60  0.60  0.60  0.60  0.60  0.60  0.60  0.60  0.60  0.60  0.60  0.60  0.60  2.63  5.03  6.57  7.76  8.75  9.58 10.28 10.89 11.39 11.81 12.15 12.41 12.59 12.75 12.74 12.70 12.59 12.41 12.15 11.81 11.39 10.89 10.28  9.58  8.75  7.76  6.57  5.03  2.63  0.60  0.60  0.60  0.60  0.60  0.60  0.60  0.60  0.60  0.60  0.60  0.60  0.60  0.60  0.60  0.60  0.60
  0.60  0.60  0.60  0.60  0.60  0.60  0.60  0.60  0.60  0.60  0.60  0.60  0.60  0.60  0.60  0.60  0.60  0.60  2.79  5.12  6.64  7.83  8.81  9.64 10.34 10.94 11.45 11.87 12.20 12.46 12.65 12.80 12.79 12.76 12.65 12.46 12.20 11.87 11.45 10.94 10.34  9.64  8.81  7.83  6.64  5.12  2.79  0.60  0.60  0.60  0.60  0.60  0.60  0.60  0.60  0.60  0.60  0.60  0.60  0.60  0.60  0.60  0.60  0.60
  0.60  0.60  0.60  0.60  0.60  0.60  0.60  0.60  0.60  0.60  0.60  0.60  0.60  0.60  0.60  0.60  0.60  0.60  2.95  5.21  6.72  7.90  8.87  9.70 10.40 11.00 11.50 11.92 12.26 12.52 12.70 12.85 12.85 12.81 12.70 12.52 12.26 11.92 11.50 11.00 10.40  9.70  8.87  7.90  6.72  5.21  2.95  0.60  0.60  0.60  0.60  0.60  0.60  0.60  0.60  0.60  0.60  0.60  0.60  0.60  0.60  0.60  0.60  0.60
  0.60  0.60  0.60  0.60  0.60  0.60  0.60  0.60  0.60  0.60  0.60  0.60  0.60  0.60  0.60  0.60  0.60  0.60  3.09  5.30  6.79  7.96  8.93  9.75 10.45 11.05 11.56 11.97 12.31 12.57 12.75 12.90 12.90 12.86 12.75 12.57 12.31 11.97 11.56 11.05 10.45  9.75  8.93  7.96  6.79  5.30  3.09  0.60  0.60  0.60  0.60  0.60  0.60  0.60  0.60  0.60  0.60  0.60  0.60  0.60  0.60  0.60  0.60  0.60
  0.60  0.60  0.60  0.60  0.60  0.60  0.60  0.60  0.60  0.60  0.60  0.60  0.60  0.60  0.60  0.60  0.60  0.60  3.23  5.39  6.86  8.03  8.99  9.81 10.51 11.11 11.61 12.03 12.36 12.62 12.80 12.95 12.95 12.91 12.80 12.62 12.36 12.03 11.61 11.11 10.51  9.81  8.99  8.03  6.86  5.39  3.23  0.60  0.60  0.60  0.60  0.60  0.60  0.60  0.60  0.60  0.60  0.60  0.60  0.60  0.60  0.60  0.60  0.60
  0.60  0.60  0.60  0.60  0.60  0.60  0.60  0.60  0.60  0.60  0.60  0.60  0.60  0.60  0.60  0.60  0.60  0.60  3.37  5.47  6.93  8.09  9.05  9.87 10.56 11.16 11.66 12.08 12.41 12.67 12.85 13.00 13.00 12.96 12.85 12.67 12.41 12.08 11.66 11.16 10.56  9.87  9.05  8.09  6.93  5.48  3.37  0.60  0.60  0.60  0.60  0.60  0.60  0.60  0.60  0.60  0.60  0.60  0.60  0.60  0.60  0.60  0.60  0.60
  0.60  0.60  0.60  0.60  0.60  0.60  0.60  0.60  0.60  0.60  0.60  0.60  0.60  0.60  0.60  0.60  0.60  0.60  3.49  5.56  7.00  8.15  9.11  9.92 10.62 11.21 11.71 12.13 12.46 12.72 12.90 13.05 13.05 13.01 12.90 12.72 12.46 12.13 11.71 11.21 10.62  9.92  9.11  8.15  7.00  5.56  3.49  0.60  0.60  0.60  0.60  0.60  0.60  0.60  0.60  0.60  0.60  0.60  0.60  0.60  0.60  0.60  0.60  0.60
  0.60  0.60  0.60  0.60  0.60  0.60  0.60  0.60  0.60  0.60  0.60  0.60  0.60  0.60  0.60  0.60  0.60  0.60  3.62  5.64  7.07  8.21  9.17  9.98 10.67 11.26 11.76 12.18 12.51 12.77 12.95 13.10 13.10 13.06 12.95 12.77 12.51 12.18 11.76 11.26 10.67  9.98  9.17  8.21  7.07  5.64  3.62  0.60  0.60  0.60  0.60  0.60  0.60  0.60  0.60  0.60  0.60  0.60  0.60  0.60  0.60  0.60  0.60  0.60
  0.60  0.60  0.60  0.60  0.60  0.60  0.60  0.60  0.60  0.60  0.60  0.60  0.60  0.60  0.60  0.60  0.60  0.60  3.74  5.72  7.14  8.28  9.23 10.03 10.72 11.31 11.81 12.23 12.56 12.82 13.00 13.15 13.15 13.11 13.00 12.82 12.56 12.23 11.81 11.31 10.72 10.03  9.23  8.28  7.14  5.72  3.74  0.60  0.60  0.60  0.60  0.60  0.60  0.60  0.60  0.60  0.60  0.60  0.60  0.60  0.60  0.60  0.60  0.60
  0.60  0.60  0.60  0.60  0.60  0.60  0.60  0.60  0.60  0.60  0.60  0.60  0.60  0.60  0.60  0.60  0.60  0.60  3.85  5.80  7.21  8.34  9.28 10.09 10.78 11.37 11.86 12.28 12.61 12.87 13.05 13.19 13.19 13.16 13.05 12.87 12.61 12.28 11.86 11.37 10.78 10.09  9.28  8.34  7.21  5.80  3.85  0.60  0.60  0.60  0.60  0.60  0.60  0.60  0.60  0.60  0.60  0.60  0.60  0.60  0.60  0.60  0.60  0.60
  0.60  0.60  0.60  0.60  0.60  0.60  0.60  0.60  0.60  0.60  0.60  0.60  0.60  0.60  0.60  0.60  0.60  0.60  3.96  5.88  7.27  8.40  9.34 10.14 10.83 11.42 11.91 12.32 12.66 12.91 13.10 13.24 13.24 13.20 13.10 12.91 12.66 12.32 11.91 11.42 10.83 10.14  9.34  8.40  7.27  5.88  3.96  0.60  0.60  0.60  0.60  0.60  0.60  0.60  0.60  0.60  0.60  0.60  0.60  0.60  0.60  0.60  0.60  0.60
  0.60  0.60  0.60  0.60  0.60  0.60  0.60  0.60  0.60  0.60  0.60  0.60  0.60  0.60  0.60  0.60  0.60  0.60  4.07  5.96  7.34  8.46  9.39 10.19 10.88 11.46 11.96 12.37 12.70 12.96 13.14 13.28 13.29 13.25 13.14 12.96 12.70 12.37 11.96 11.46 10.88 10.19  9.39  8.46  7.34  5.96  4.07  0.60  0.60  0.60  0.60  0.60  0.60  0.60  0.60  0.60  0.60  0.60  0.60  0.60  0.60  0.60  0.60  0.60
  0.60  0.60  0.60  0.60  0.60  0.60  0.60  0.60  0.60  0.60  0.60  0.60  0.60  0.60  0.60  0.60  0.60  0.60  4.18  6.03  7.40  8.51  9.45 10.24 10.93 11.51 12.01 12.42 12.75 13.01 13.19 13.33 13.33 13.30 13.19 13.01 12.75 12.42 12.01 11.51 10.93 10.24  9.45  8.51  7.40  6.03  4.18  0.60  0.60  0.60  0.60  0.60  0.60  0.60  0.60  0.60  0.60  0.60  0.60  0.60  0.60  0.60  0.60  0.60
  0.60  0.60  0.60  0.60  0.60  0.60  0.60  0.60  0.60  0.60  0.60  0.60  0.60  0.60  0.60  0.60  0.60  0.60  4.28  6.11  7.47  8.57  9.50 10.30 10.98 11.56 12.06 12.47 12.80 13.05 13.23 13.37 13.38 13.34 13.23 13.05 12.80 12.47 12.06 11.56 10.98 10.30  9.50  8.57  7.47  6.11  4.28  0.60  0.60  0.60  0.60  0.60  0.60  0.60  0.60  0.60  0.60  0.60  0.60  0.60  0.60  0.60  0.60  0.60
  0.60  0.60  0.60  0.60  0.60  0.60  0.60  0.60  0.60  0.60  0.60  0.60  0.60  0.60  0.60  0.60  0.60  0.60  4.38  6.18  7.53  8.63  9.55 10.35 11.03 11.61 12.10 12.51 12.84 13.10 13.28 13.42 13.42 13.39 13.28 13.10 12.84 12.51 12.10 11.61 11.03 10.35  9.55  8.63  7.53  6.18  4.38  0.60  0.60  0.60  0.60  0.60  0.60  0.60  0.60  0.60  0.60  0.60  0.60  0.60  0.60  0.60  0.60  0.60
  0.60  0.60  0.60  0.60  0.60  0.60  0.60  0.60  0.60  0.60  0.60  0.60  0.60  0.60  0.60  0.60  0.60  0.79  4.48  6.26  7.59  8.68  9.61 10.40 11.07 11.66 12.15 12.56 12.89 13.14 13.32 13.46 13.47 13.43 13.32 13.14 12.89 12.56 12.15 11.66 11.07 10.40  9.61  8.68  7.59  6.26  4.48  0.79  0.60  0.60  0.60  0.60  0.60  0.60  0.60  0.60  0.60  0.60  0.60  0.60  0.60  0.60  0.60  0.60
  0.60  0.60  0.60  0.60  0.60  0.60  0.60  0.60  0.60  0.60  0.60  0.60  0.60  0.60  0.60  0.60  0.60  1.21  4.58  6.33  7.65  8.74  9.66 10.45 11.12 11.70 12.19 12.60 12.93 13.18 13.37 13.50 13.51 13.47 13.37 13.18 12.93 12.60 12.19 11.70 11.12 10.45  9.66  8.74  7.65  6.33  4.58  1.21  0.60  0.60  0.60  0.60  0.60  0.60  0.60  0.60  0.60  0.60  0.60  0.60  0.60  0.60  0.60  0.60
  0.60  0.60  0.60  0.60  0.60  0.60  0.60  0.60  0.60  0.60  0.60  0.60  0.60  0.60  0.60  0.60  0.60  1.51  4.67  6.40  7.71  8.80  9.71 10.49 11.17 11.75 12.24 12.64 12.97 13.23 13.41 13.54 13.55 13.52 13.41 13.23 12.97 12.64 12.24 11.75 11.17 10.49  9.71  8.80  7.71  6.40  4.67  1.51  0.60  0.60  0.60  0.60  0.60  0.60  0.60  0.60  0.60  0.60  0.60  0.60  0.60  0.60  0.60  0.60
  0.60  0.60  0.60  0.60  0.60  0.60  0.60  0.60  0.60  0.60  0.60  0.60  0.60  0.60  0.60  0.60  0.60  1.77  4.76  6.47  7.77  8.85  9.76 10.54 11.21 11.79 12.28 12.69 13.02 13.27 13.45 13.59 13.59 13.56 13.45 13.27 13.02 12.69 12.28 11.79 11.22 10.54  9.76  8.85  7.77  6.47  4.76  1.77  0.60  0.60  0.60  0.60  0.60  0.60  0.60  0.60  0.60  0.60  0.60  0.60  0.60  0.60  0.60  0.60
  0.60  0.60  0.60  0.60  0.60  0.60  0.60  0.60  0.60  0.60  0.60  0.60  0.60  0.60  0.60  0.60  0.60  1.99  4.85  6.54  7.83  8.90  9.81 10.59 11.26 11.84 12.32 12.73 13.06 13.31 13.49 13.63 13.63 13.60 13.49 13.31 13.06 12.73 12.32 11.84 11.26 10.59  9.81  8.90  7.83  6.54  4.85  1.99  0.60  0.60  0.60  0.60  0.60  0.60  0.60  0.60  0.60  0.60  0.60  0.60  0.60  0.60  0.60  0.60
  0.60  0.60  0.60  0.60  0.60  0.60  0.60  0.60  0.60  0.60  0.60  0.60  0.60  0.60  0.60  0.60  0.60  2.19  4.94  6.60  7.89  8.96  9.86 10.64 11.31 11.88 12.37 12.77 13.10 13.35 13.53 13.67 13.67 13.64 13.53 13.35 13.10 12.77 12.37 11.88 11.31 10.64  9.86  8.96  7.89  6.60  4.94  2.19  0.60  0.60  0.60  0.60  0.60  0.60  0.60  0.60  0.60  0.60  0.60  0.60  0.60  0.60  0.60  0.60
  0.60  0.60  0.60  0.60  0.60  0.60  0.60  0.60  0.60  0.60  0.60  0.60  0.60  0.60  0.60  0.60  0.60  2.37  5.02  6.67  7.95  9.01  9.91 10.68 11.35 11.92 12.41 12.81 13.14 13.39 13.57 13.71 13.71 13.68 13.57 13.39 13.14 12.81 12.41 11.92 11.35 10.68  9.91  9.01  7.95  6.67  5.02  2.37  0.60  0.60  0.60  0.60  0.60  0.60  0.60  0.60  0.60  0.60  0.60  0.60  0.60  0.60  0.60  0.60
  0.60  0.60  0.60  0.60  0.60  0.60  0.60  0.60  0.60  0.60  0.60  0.60  0.60  0.60  0.60  0.60  0.60  2.54  5.11  6.74  8.01  9.06  9.96 10.73 11.39 11.97 12.45 12.85 13.18 13.43 13.61 13.74 13.75 13.72 13.61 13.43 13.18 12.85 12.45 11.97 11.39 10.73  9.96  9.06  8.01  6.74  5.11  2.54  0.60  0.60  0.60  0.60  0.60  0.60  0.60  0.60  0.60  0.60  0.60  0.60  0.60  0.60  0.60  0.60
  0.60  0.60  0.60  0.60  0.60  0.60  0.60  0.60  0.60  0.60  0.60  0.60  0.60  0.60  0.60  0.60  0.60  2.70  5.19  6.80  8.06  9.11 10.00 10.77 11.44 12.01 12.49 12.89 13.22 13.47 13.65 13.78 13.79 13.76 13.65 13.47 13.22 12.89 12.49 12.01 11.44 10.77 10.00  9.11  8.06  6.80  5.19  2.70  0.60  0.60  0.60  0.60  0.60  0.60  0.60  0.60  0.60  0.60  0.60  0.60  0.60  0.60  0.60  0.60
  0.60  0.60  0.60  0.60  0.60  0.60  0.60  0.60  0.60  0.60  0.60  0.60  0.60  0.60  0.60  0.60  0.60  2.85  5.27  6.87  8.12  9.16 10.05 10.82 11.48 12.05 12.53 12.93 13.26 13.51 13.69 13.82 13.83 13.79 13.69 13.51 13.26 12.93 12.53 12.05 11.48 10.82 10.05  9.16  8.12  6.87  5.27  2.85  0.60  0.60  0.60  0.60  0.60  0.60  0.60  0.60  0.60  0.60  0.60  0.60  0.60  0.60  0.60  0.60
  0.60  0.60  0.60  0.60  0.60  0.60  0.60  0.60  0.60  0.60  0.60  0.60  0.60  0.60  0.60  0.60  0.60  2.99  5.35  6.93  8.17  9.21 10.10 10.86 11.52 12.09 12.57 12.97 13.30 13.55 13.73 13.86 13.87 13.83 13.73 13.55 13.30 12.97 12.57 12.09 11.52 10.86 10.10  9.21  8.17  6.93  5.35  2.99  0.60  0.60  0.60  0.60  0.60  0.60  0.60  0.60  0.60  0.60  0.60  0.60  0.60  0.60  0.60  0.60
  0.60  0.60  0.60  0.60  0.60  0.60  0.60  0.60  0.60  0.60  0.60  0.60  0.60  0.60  0.60  0.60  0.60  3.12  5.43  6.99  8.23  9.26 10.14 10.90 11.56 12.13 12.61 13.01 13.33 13.58 13.76 13.89 13.90 13.87 13.76 13.58 13.33 13.01 12.61 12.13 11.56 10.90 10.14  9.26  8.23  6.99  5.43  3.12  0.60  0.60  0.60  0.60  0.60  0.60  0.60  0.60  0.60  0.60  0.60  0.60  0.60  0.60  0.60  0.60
  0.60  0.60  0.60  0.60  0.60  0.60  0.60  0.60  0.60  0.60  0.60  0.60  0.60  0.60  0.60  0.60  0.60  3.25  5.51  7.05  8.28  9.31 10.19 10.95 11.60 12.17 12.65 13.05 13.37 13.62 13.80 13.93 13.94 13.90 13.80 13.62 13.37 13.05 12.65 12.17 11.60 10.95 10.19  9.31  8.28  7.05  5.51  3.25  0.60  0.60  0.60  0.60  0.60  0.60  0.60  0.60  0.60  0.60  0.60  0.60  0.60  0.60  0.60  0.60
  0.60  0.60  0.60  0.60  0.60  0.60  0.60  0.60  0.60  0.60  0.60  0.60  0.60  0.60  0.60  0.60  0.60  3.38  5.59  7.11  8.33  9.36 10.23 10.99 11.64 12.21 12.69 13.09 13.41 13.66 13.83 13.96 13.97 13.94 13.83 13.66 13.41 13.09 12.69 12.21 11.64 10.99 10.23  9.36  8.33  7.11  5.59  3.38  0.60  0.60  0.60  0.60  0.60  0.60  0.60  0.60  0.60  0.60  0.60  0.60  0.60  0.60  0.60  0.60
  0.60  0.60  0.60  0.60  0.60  0.60  0.60  0.60  0.60  0.60  0.60  0.60  0.60  0.60  0.60  0.60  0.60  3.50  5.66  7.17  8.39  9.40 10.28 11.03 11.68 12.25 12.72 13.12 13.44 13.69 13.87 14.00 14.01 13.97 13.87 13.69 13.44 13.12 12.72 12.25 11.68 11.03 10.28  9.40  8.39  7.17  5.66  3.50  0.60  0.60  0.60  0.60  0.60  0.60  0.60  0.60  0.60  0.60  0.60  0.60  0.60  0.60  0.60  0.60
  0.60  0.60  0.60  0.60  0.60  0.60  0.60  0.60  0.60  0.60  0.60  0.60  0.60  0.60  0.60  0.60  0.60  3.61  5.73  7.23  8.44  9.45 10.32 11.07 11.72 12.28 12.76 13.16 13.48 13.73 13.90 14.03 14.04 14.01 13.90 13.73 13.48 13.16 12.76 12.28 11.72 11.07 10.32  9.45  8.44  7.23  5.73  3.61  0.60  0.60  0.60  0.60  0.60  0.60  0.60  0.60  0.60  0.60  0.60  0.60  0.60  0.60  0.60  0.60
  0.60  0.60  0.60  0.60  0.60  0.60  0.60  0.60  0.60  0.60  0.60  0.60  0.60  0.60  0.60  0.60  0.60  3.73  5.81  7.29  8.49  9.50 10.36 11.11 11.76 12.32 12.80 13.19 13.51 13.76 13.94 14.06 14.08 14.04 13.94 13.76 13.51 13.19 12.80 12.32 11.76 11.11 10.36  9.50  8.49  7.29  5.81  3.73  0.60  0.60  0.60  0.60  0.60  0.60  0.60  0.60  0.60  0.60  0.60  0.60  0.60  0.60  0.60  0.60
  0.60  0.60  0.60  0.60  0.60  0.60  0.60  0.60  0.60  0.60  0.60  0.60  0.60  0.60  0.60  0.60  0.60  3.84  5.88  7.35  8.54  9.54 10.40 11.15 11.80 12.36 12.83 13.23 13.55 13.79 13.97 14.10 14.11 14.08 13.97 13.79 13.55 13.23 12.83 12.36 11.80 11.15 10.40  9.54  8.54  7.35  5.88  3.84  0.60  0.60  0.60  0.60  0.60  0.60  0.60  0.60  0.60  0.60  0.60  0.60  0.60  0.60  0.60  0.60
  0.60  0.60  0.60  0.60  0.60  0.60  0.60  0.60  0.60  0.60  0.60  0.60  0.60  0.60  0.60  0.60  0.60  3.94  5.95  7.41  8.59  9.59 10.45 11.19 11.84 12.39 12.87 13.26 13.58 13.83 14.00 14.13 14.14 14.11 14.00 13.83 13.58 13.26 12.87 12.39 11.84 11.19 10.45  9.59  8.59  7.41  5.95  3.94  0.60  0.60  0.60  0.60  0.60  0.60  0.60  0.60  0.60  0.60  0.60  0.60  0.60  0.60  0.60  0.60
  0.60  0.60  0.60  0.60  0.60  0.60  0.60  0.60  0.60  0.60  0.60  0.60  0.60  0.60  0.60  0.60  0.60  4.04  6.02  7.46  8.64  9.63 10.49 11.23 11.87 12.43 12.90 13.29 13.61 13.86 14.03 14.16 14.17 14.14 14.03 13.86 13.61 13.29 12.90 12.43 11.87 11.23 10.49  9.63  8.64  7.46  6.02  4.04  0.60  0.60  0.60  0.60  0.60  0.60  0.60  0.60  0.60  0.60  0.60  0.60  0.60  0.60  0.60  0.60
  0.60  0.60  0.60  0.60  0.60  0.60  0.60  0.60  0.60  0.60  0.60  0.60  0.60  0.60  0.60  0.60  0.60  4.14  6.09  7.52  8.69  9.67 10.53 11.27 11.91 12.46 12.93 13.33 13.65 13.89 14.07 14.19 14.21 14.17 14.07 13.89 13.65 13.33 12.93 12.46 11.91 11.27 10.53  9.67  8.69  7.52  6.09  4.14  0.60  0.60  0.60  0.60  0.60  0.60  0.60  0.60  0.60  0.60  0.60  0.60  0.60  0.60  0.60  0.60
  0.60  0.60  0.60  0.60  0.60  0.60  0.60  0.60  0.60  0.60  0.60  0.60  0.60  0.60  0.60  0.60  0.60  4.24  6.15  7.57  8.73  9.72 10.57 11.31 11.95 12.50 12.97 13.36 13.68 13.92 14.10 14.22 14.24 14.20 14.10 13.92 13.68 13.36 12.97 12.50 11.95 11.31 10.57  9.72  8.73  7.57  6.15  4.24  0.60  0.60  0.60  0.60  0.60  0.60  0.60  0.60  0.60  0.60  0.60  0.60  0.60  0.60  0.60  0.60
  0.60  0.60  0.60  0.60  0.60  0.60  0.60  0.60  0.60  0.60  0.60  0.60  0.60  0.60  0.60  0.60  0.60  4.34  6.22  7.63  8.78  9.76 10.61 11.34 11.98 12.53 13.00 13.39 13.71 13.95 14.13 14.25 14.27 14.23 14.13 13.95 13.71 13.39 13.00 12.53 11.98 11.34 10.61  9.76  8.78  7.63  6.22  4.34  0.60  0.60  0.60  0.60  0.60  0.60  0.60  0.60  0.60  0.60  0.60  0.60  0.60  0.60  0.60  0.60
  0.60  0.60  0.60  0.60  0.60  0.60  0.60  0.60  0.60  0.60  0.60  0.60  0.60  0.60  0.60  0.60  0.60  4.43  6.28  7.68  8.83  9.80 10.65 11.38 12.02 12.56 13.03 13.42 13.74 13.98 14.16 14.28 14.29 14.26 14.16 13.98 13.74 13.42 13.03 12.56 12.02 11.38 10.65  9.80  8.83  7.68  6.29  4.43  0.60  0.60  0.60  0.60  0.60  0.60  0.60  0.60  0.60  0.60  0.60  0.60  0.60  0.60  0.60  0.60
  0.00  0.00  0.00  0.00  0.00  0.00  0.00  0.00  0.00  0.00  0.00  0.00  0.00  0.00  0.00  0.00  0.00  4.48  6.32  7.71  8.85  9.83 10.67 11.40 12.03 12.58 13.05 13.44 13.76 14.00 14.17 14.28 14.31 14.28 14.17 14.00 13.76 13.44 13.05 12.58 12.03 11.40 10.67  9.83  8.85  7.71  6.32  4.48  0.00  0.00  0.00  0.00  0.00  0.00  0.00  0.00  0.00  0.00  0.00  0.00  0.00  0.00  0.00  0.00
