  9.67  9.67  9.67  9.67  9.67  9.67  9.67  9.67  9.67  9.67  9.67  9.67  9.67  9.67  9.67  9.67  9.67  9.67  9.67  9.67  9.67  9.67  9.67  9.67  9.67  9.67  9.67  9.67  9.67  9.67  9.67  9.67  9.67  9.67  9.67  9.67  9.67  9.67  9.67  9.67  9.67  9.67  9.67  9.67  9.67  9.67  9.67  9.67  9.67  9.67  9.67  9.67  9.67  9.67  9.67  9.67  9.67  9.67  9.67  9.67  9.67  9.67  9.67  9.67
  9.58  9.58  9.58  9.58  9.58  9.59  9.59  9.60  9.61  9.61  9.62  9.63  9.64  9.64  9.65  9.66  9.67  9.68  9.69  9.70  9.71  9.71  9.72  9.73  9.74  9.74  9.75  9.75  9.76  9.76  9.76  9.76  9.76  9.76  9.76  9.76  9.76  9.75  9.75  9.74  9.74  9.73  9.72  9.71  9.71  9.70  9.69  9.68  9.67  9.66  9.65  9.64  9.64  9.63  9.62  9.61  9.61  9.60  9.59  9.59  9.58  9.58  9.58  9.58
  9.48  9.48  9.49  9.49  9.50  9.51  9.52  9.53  9.54  9.55  9.57  9.58  9.60  9.62  9.63  9.65  9.67  9.69  9.71  9.72  9.74  9.76  9.77  9.79  9.80  9.81  9.82  9.83  9.84  9.85  9.85  9.85  9.85  9.85  9.85  9.85  9.84  9.83  9.82  9.81  9.80  9.79  9.77  9.76  9.74  9.72  9.71  9.69  9.67  9.65  9.63  9.62  9.60  9.58  9.57  9.55  9.54  9.53  9.52  9.51  9.50  9.49  9.49  9.48
  9.39  9.39  9.39  9.40  9.41  9.42  9.44  9.45  9.47  9.49  9.51  9.54  9.56  9.59  9.61  9.64  9.67  9.70  9.72  9.75  9.77  9.80  9.82  9.84  9.86  9.88  9.90  9.91  9.92  9.93  9.94  9.94  9.94  9.94  9.94  9.93  9.92  9.91  9.90  9.88  9.86  9.84  9.82  9.80  9.77  9.75  9.72  9.70  9.67  9.64  9.61  9.59  9.56  9.54  9.51  9.49  9.47  9.45  9.44  9.42  9.41  9.40  9.39  9.39
  9.29  9.29  9.30  9.31  9.32  9.34  9.36  9.38  9.40  9.43  9.46  9.49  9.53  9.56  9.60  9.63  9.67  9.70  9.74  9.77  9.81  9.84  9.87  9.90  9.93  9.95  9.97  9.99 10.00 10.02 10.02 10.03 10.03 10.03 10.02 10.02 10.00  9.99  9.97  9.95  9.93  9.90  9.87  9.84  9.81  9.77  9.74  9.70  9.67  9.63  9.60  9.56  9.53  9.49  9.46  9.43  9.40  9.38  9.36  9.34  9.32  9.31  9.30  9.29
  9.19  9.19  9.20  9.21  9.23  9.25  9.27  9.30  9.33  9.37  9.41  9.45  9.49  9.53  9.58  9.62  9.67  9.71  9.76  9.80  9.84  9.88  9.92  9.96  9.99 10.02 10.04 10.07 10.08 10.10 10.11 10.12 10.12 10.12 10.11 10.10 10.08 10.07 10.04 10.02  9.99  9.96  9.92  9.88  9.84  9.80  9.76  9.71  9.67  9.62  9.58  9.53  9.49  9.45  9.41  9.37  9.33  9.30  9.27  9.25  9.23  9.21  9.20  9.19
  9.09  9.10  9.10  9.12  9.14  9.16  9.19  9.23  9.26  9.31  9.35  9.40  9.45  9.50  9.56  9.61  9.66  9.72  9.77  9.82  9.87  9.92  9.97 10.01 10.05 10.08 10.11 10.14 10.16 10.18 10.19 10.20 10.20 10.20 10.19 10.18 10.16 10.14 10.11 10.08 10.05 10.01  9.97  9.92  9.87  9.82  9.77  9.72  9.66  9.61  9.56  9.50  9.45  9.40  9.35  9.31  9.26  9.23  9.19  9.16  9.14  9.12  9.10  9.10
  8.99  8.99  9.00  9.02  9.04  9.07  9.11  9.15  9.19  9.24  9.30  9.35  9.41  9.47  9.53  9.60  9.66  9.73  9.79  9.85  9.91  9.96 10.01 10.06 10.11 10.15 10.19 10.22 10.24 10.26 10.28 10.29 10.29 10.29 10.28 10.26 10.24 10.22 10.19 10.15 10.11 10.06 10.01  9.96  9.91  9.85  9.79  9.73  9.66  9.60  9.53  9.47  9.41  9.35  9.30  9.24  9.19  9.15  9.11  9.07  9.04  9.02  9.00  8.99
  8.89  8.89  8.90  8.92  8.95  8.98  9.02  9.07  9.12  9.18  9.24  9.30  9.37  9.44  9.51  9.59  9.66  9.73  9.80  9.87  9.94 10.00 10.06 10.12 10.17 10.21 10.26 10.29 10.32 10.34 10.36 10.37 10.37 10.37 10.36 10.34 10.32 10.29 10.26 10.21 10.17 10.12 10.06 10.00  9.94  9.87  9.80  9.73  9.66  9.59  9.51  9.44  9.37  9.30  9.24  9.18  9.12  9.07  9.02  8.98  8.95  8.92  8.90  8.89
  8.78  8.79  8.80  8.82  8.85  8.89  8.94  8.99  9.05  9.11  9.18  9.26  9.33  9.41  9.49  9.57  9.66  9.74  9.82  9.89  9.97 10.04 10.11 10.17 10.23 10.28 10.32 10.36 10.40 10.42 10.44 10.45 10.45 10.45 10.44 10.42 10.40 10.36 10.32 10.28 10.23 10.17 10.11 10.04  9.97  9.89  9.82  9.74  9.66  9.57  9.49  9.41  9.33  9.26  9.18  9.11  9.05  8.99  8.94  8.89  8.85  8.82  8.80  8.79
  8.68  8.68  8.70  8.72  8.76  8.80  8.85  8.91  8.97  9.05  9.12  9.21  9.29  9.38  9.47  9.56  9.65  9.74  9.83  9.92 10.00 10.08 10.15 10.22 10.29 10.34 10.39 10.44 10.47 10.50 10.52 10.53 10.54 10.53 10.52 10.50 10.47 10.44 10.39 10.34 10.29 10.22 10.15 10.08 10.00  9.92  9.83  9.74  9.65  9.56  9.47  9.38  9.29  9.21  9.12  9.05  8.97  8.91  8.85  8.80  8.76  8.72  8.70  8.68
  8.57  8.58  8.59  8.62  8.66  8.71  8.76  8.83  8.90  8.98  9.07  9.16  9.25  9.35  9.45  9.55  9.65  9.75  9.85  9.94 10.03 10.12 10.20 10.27 10.34 10.41 10.46 10.51 10.55 10.58 10.60 10.61 10.62 10.61 10.60 10.58 10.55 10.51 10.46 10.41 10.34 10.27 10.20 10.12 10.03  9.94  9.85  9.75  9.65  9.55  9.45  9.35  9.25  9.16  9.07  8.98  8.90  8.83  8.76  8.71  8.66  8.62  8.59  8.58
  8.46  8.47  8.49  8.52  8.56  8.61  8.67  8.74  8.82  8.91  9.01  9.11  9.21  9.32  9.43  9.53  9.64  9.75  9.86  9.96 10.06 10.15 10.24 10.32 10.40 10.47 10.53 10.58 10.62 10.65 10.68 10.69 10.70 10.69 10.68 10.65 10.62 10.58 10.53 10.47 10.40 10.32 10.24 10.15 10.06  9.96  9.86  9.75  9.64  9.53  9.43  9.32  9.21  9.11  9.01  8.91  8.82  8.74  8.67  8.61  8.56  8.52  8.49  8.47
  8.35  8.36  8.38  8.41  8.46  8.51  8.58  8.66  8.75  8.84  8.95  9.06  9.17  9.28  9.40  9.52  9.64  9.76  9.87  9.98 10.09 10.19 10.29 10.37 10.46 10.53 10.59 10.65 10.69 10.73 10.75 10.77 10.78 10.77 10.75 10.73 10.69 10.65 10.59 10.53 10.46 10.37 10.29 10.19 10.09  9.98  9.87  9.76  9.64  9.52  9.40  9.28  9.17  9.06  8.95  8.84  8.75  8.66  8.58  8.51  8.46  8.41  8.38  8.36
  8.24  8.25  8.27  8.30  8.35  8.42  8.49  8.58  8.67  8.77  8.89  9.00  9.13  9.25  9.38  9.51  9.63  9.76  9.88 10.00 10.12 10.23 10.33 10.42 10.51 10.59 10.66 10.72 10.77 10.80 10.83 10.85 10.85 10.85 10.83 10.80 10.77 10.72 10.66 10.59 10.51 10.42 10.33 10.23 10.12 10.00  9.88  9.76  9.63  9.51  9.38  9.25  9.13  9.00  8.89  8.77  8.67  8.58  8.49  8.42  8.35  8.30  8.27  8.25
  8.12  8.13  8.16  8.19  8.25  8.32  8.40  8.49  8.59  8.70  8.82  8.95  9.08  9.22  9.35  9.49  9.63  9.76  9.90 10.02 10.15 10.26 10.37 10.47 10.57 10.65 10.72 10.78 10.84 10.88 10.91 10.92 10.93 10.92 10.91 10.88 10.84 10.78 10.72 10.65 10.57 10.47 10.37 10.26 10.15 10.02  9.90  9.76  9.63  9.49  9.35  9.22  9.08  8.95  8.82  8.70  8.59  8.49  8.40  8.32  8.25  8.19  8.16  8.13
  8.01  8.02  8.04  8.08  8.14  8.21  8.30  8.40  8.51  8.63  8.76  8.90  9.04  9.18  9.33  9.48  9.62  9.77  9.91 10.04 10.17 10.30 10.41 10.52 10.62 10.71 10.79 10.85 10.91 10.95 10.98 11.00 11.01 11.00 10.98 10.95 10.91 10.85 10.79 10.71 10.62 10.52 10.41 10.30 10.17 10.04  9.91  9.77  9.62  9.48  9.33  9.18  9.04  8.90  8.76  8.63  8.51  8.40  8.30  8.21  8.14  8.08  8.04  8.02
  7.89  7.90  7.93  7.97  8.03  8.11  8.21  8.31  8.43  8.56  8.70  8.84  9.00  9.15  9.31  9.46  9.62  9.77  9.92 10.06 10.20 10.33 10.46 10.57 10.67 10.77 10.85 10.92 10.98 11.02 11.05 11.07 11.08 11.07 11.05 11.02 10.98 10.92 10.85 10.77 10.67 10.57 10.46 10.33 10.20 10.06  9.92  9.77  9.62  9.46  9.31  9.15  9.00  8.84  8.70  8.56  8.43  8.31  8.21  8.11  8.03  7.97  7.93  7.90
  7.77  7.78  7.81  7.86  7.92  8.01  8.11  8.22  8.35  8.49  8.64  8.79  8.95  9.11  9.28  9.45  9.61  9.77  9.93 10.08 10.23 10.37 10.50 10.62 10.73 10.82 10.91 10.98 11.04 11.09 11.13 11.15 11.15 11.15 11.13 11.09 11.04 10.98 10.91 10.82 10.73 10.62 10.50 10.37 10.23 10.08  9.93  9.77  9.61  9.45  9.28  9.11  8.95  8.79  8.64  8.49  8.35  8.22  8.11  8.01  7.92  7.86  7.81  7.78
  7.64  7.66  7.69  7.74  7.81  7.90  8.01  8.13  8.27  8.41  8.57  8.74  8.91  9.08  9.25  9.43  9.60  9.78  9.94 10.10 10.26 10.40 10.54 10.66 10.78 10.88 10.97 11.05 11.11 11.16 11.20 11.22 11.23 11.22 11.20 11.16 11.11 11.05 10.97 10.88 10.78 10.66 10.54 10.40 10.26 10.10  9.94  9.78  9.60  9.43  9.25  9.08  8.91  8.74  8.57  8.41  8.27  8.13  8.01  7.90  7.81  7.74  7.69  7.66
  7.52  7.53  7.56  7.62  7.70  7.79  7.91  8.04  8.18  8.34  8.51  8.68  8.86  9.04  9.23  9.41  9.60  9.78  9.95 10.12 10.28 10.43 10.58 10.71 10.83 10.94 11.03 11.11 11.18 11.23 11.27 11.29 11.30 11.29 11.27 11.23 11.18 11.11 11.03 10.94 10.83 10.71 10.58 10.43 10.28 10.12  9.95  9.78  9.60  9.41  9.23  9.04  8.86  8.68  8.51  8.34  8.18  8.04  7.91  7.79  7.70  7.62  7.56  7.53
  7.39  7.40  7.44  7.50  7.58  7.68  7.81  7.94  8.10  8.26  8.44  8.62  8.81  9.01  9.20  9.40  9.59  9.78  9.96 10.14 10.31 10.47 10.62 10.75 10.88 10.99 11.09 11.17 11.24 11.30 11.34 11.36 11.37 11.36 11.34 11.30 11.24 11.18 11.09 10.99 10.88 10.76 10.62 10.47 10.31 10.14  9.96  9.78  9.59  9.40  9.20  9.01  8.81  8.62  8.44  8.26  8.10  7.94  7.81  7.68  7.58  7.50  7.44  7.40
  7.26  7.27  7.31  7.38  7.46  7.57  7.70  7.85  8.01  8.19  8.37  8.57  8.77  8.97  9.18  9.38  9.58  9.78  9.97 10.16 10.33 10.50 10.66 10.80 10.93 11.05 11.15 11.24 11.31 11.37 11.41 11.43 11.44 11.43 11.41 11.37 11.31 11.24 11.16 11.06 10.94 10.81 10.66 10.50 10.34 10.16  9.97  9.78  9.58  9.38  9.18  8.97  8.77  8.57  8.37  8.19  8.01  7.85  7.70  7.57  7.46  7.38  7.31  7.27
  7.13  7.14  7.18  7.25  7.34  7.46  7.60  7.75  7.92  8.11  8.30  8.51  8.72  8.93  9.15  9.36  9.57  9.78  9.98 10.17 10.36 10.53 10.70 10.85 10.98 11.10 11.21 11.30 11.37 11.43 11.48 11.50 11.51 11.50 11.48 11.44 11.38 11.31 11.22 11.12 11.00 10.87 10.71 10.55 10.37 10.18  9.99  9.78  9.58  9.36  9.15  8.95  8.73  8.51  8.30  8.11  7.92  7.75  7.60  7.46  7.34  7.25  7.18  7.14
  6.99  7.01  7.05  7.12  7.22  7.34  7.49  7.65  7.83  8.03  8.24  8.45  8.67  8.90  9.14  9.35  9.57  9.78  9.99 10.19 10.38 10.57 10.75 10.90 11.03 11.15 11.26 11.36 11.44 11.50 11.54 11.57 11.58 11.57 11.55 11.50 11.45 11.38 11.30 11.20 11.08 10.93 10.77 10.60 10.42 10.21 10.01  9.79  9.57  9.35  9.14  8.93  8.70  8.46  8.24  8.03  7.83  7.65  7.49  7.34  7.22  7.12  7.05  7.01
  6.85  6.87  6.92  6.99  7.10  7.23  7.38  7.55  7.74  7.95  8.17  8.39  8.63  8.88  9.13  9.35  9.56  9.78 10.00 10.21 10.41 10.61 10.80 10.97 11.09 11.21 11.32 11.42 11.50 11.56 11.61 11.64 11.65 11.64 11.61 11.57 11.52 11.45 11.38 11.28 11.16 11.02 10.85 10.68 10.48 10.26 10.05  9.81  9.58  9.35  9.14  8.93  8.68  8.41  8.17  7.95  7.74  7.55  7.38  7.23  7.10  6.99  6.92  6.87
  6.71  6.73  6.78  6.86  6.97  7.11  7.27  7.45  7.65  7.87  8.10  8.33  8.60  8.88  9.16  9.38  9.57  9.79 10.01 10.23 10.45 10.67 10.88 11.04 11.16 11.27 11.38 11.48 11.56 11.63 11.68 11.70 11.71 11.71 11.68 11.64 11.60 11.54 11.47 11.38 11.27 11.13 10.96 10.79 10.58 10.34 10.12  9.86  9.60  9.37  9.16  8.95  8.69  8.38  8.10  7.87  7.65  7.45  7.27  7.11  6.97  6.86  6.78  6.73
  6.57  6.59  6.64  6.72  6.84  6.98  7.16  7.35  7.56  7.79  8.02  8.28  8.60  8.93  9.23  9.44  9.60  9.82 10.04 10.27 10.50 10.75 10.98 11.14 11.23 11.33 11.43 11.54 11.62 11.69 11.74 11.77 11.78 11.78 11.75 11.72 11.68 11.63 11.58 11.50 11.40 11.27 11.12 10.94 10.73 10.49 10.23  9.94  9.66  9.41  9.21  9.02  8.75  8.38  8.04  7.79  7.56  7.35  7.16  6.98  6.84  6.72  6.64  6.59
  6.42  6.44  6.49  6.58  6.71  6.86  7.04  7.24  7.46  7.70  7.95  8.25  8.65  9.06  9.38  9.56  9.67  9.86 10.09 10.32 10.58 10.86 11.12 11.26 11.33 11.40 11.49 11.60 11.68 11.75 11.80 11.84 11.85 11.85 11.83 11.79 11.76 11.73 11.69 11.63 11.55 11.44 11.31 11.15 10.96 10.72 10.42 10.09  9.78  9.52  9.32  9.14  8.86  8.41  8.00  7.71  7.46  7.24  7.04  6.86  6.71  6.58  6.49  6.44
  6.27  6.29  6.35  6.44  6.57  6.73  6.92  7.14  7.37  7.62  7.89  8.25  8.77  9.31  9.65  9.77  9.81  9.96 10.18 10.42 10.71 11.03 11.28 11.40 11.44 11.47 11.55 11.65 11.74 11.82 11.87 11.90 11.92 11.92 11.90 11.87 11.85 11.83 11.81 11.78 11.71 11.62 11.52 11.39 11.23 11.01 10.70 10.34  9.99  9.69  9.48  9.29  9.00  8.51  7.99  7.64  7.37  7.14  6.92  6.73  6.57  6.44  6.35  6.29
  6.11  6.13  6.19  6.29  6.43  6.60  6.80  7.03  7.27  7.53  7.85  8.32  9.00  9.65  9.99 10.08 10.08 10.13 10.33 10.57 10.91 11.23 11.46 11.55 11.56 11.56 11.62 11.71 11.80 11.88 11.93 11.97 11.98 11.99 11.97 11.95 11.94 11.94 11.95 11.93 11.89 11.83 11.76 11.67 11.55 11.35 11.04 10.65 10.25  9.92  9.68  9.48  9.18  8.67  8.04  7.59  7.28  7.03  6.80  6.60  6.43  6.29  6.19  6.13
  5.95  5.97  6.04  6.14  6.29  6.47  6.68  6.92  7.17  7.46  7.86  8.50  9.36 10.05 10.39 10.46 10.41 10.41 10.55 10.81 11.15 11.46 11.65 11.71 11.70 11.67 11.69 11.77 11.86 11.94 11.99 12.03 12.05 12.05 12.04 12.03 12.03 12.06 12.08 12.09 12.08 12.05 12.02 11.98 11.90 11.74 11.44 11.02 10.57 10.19  9.92  9.70  9.40  8.88  8.16  7.58  7.21  6.92  6.68  6.47  6.29  6.15  6.04  5.97
  5.78  5.81  5.88  5.99  6.14  6.33  6.56  6.80  7.08  7.42  7.95  8.81  9.81 10.51 10.85 10.90 10.81 10.77 10.87 11.11 11.42 11.70 11.84 11.87 11.83 11.78 11.77 11.83 11.92 12.00 12.05 12.10 12.12 12.12 12.11 12.11 12.13 12.17 12.23 12.26 12.28 12.29 12.31 12.32 12.30 12.17 11.88 11.44 10.94 10.51 10.19  9.95  9.65  9.13  8.40  7.65  7.18  6.82  6.56  6.33  6.14  5.99  5.88  5.81
  5.61  5.64  5.71  5.83  6.00  6.20  6.44  6.70  7.02  7.46  8.18  9.29 10.34 11.03 11.36 11.39 11.27 11.18 11.24 11.45 11.72 11.94 12.02 12.02 11.97 11.90 11.86 11.89 11.98 12.06 12.11 12.16 12.18 12.19 12.18 12.19 12.23 12.30 12.38 12.44 12.50 12.55 12.61 12.69 12.72 12.64 12.37 11.91 11.36 10.86 10.50 10.23  9.92  9.43  8.71  7.85  7.21  6.75  6.44  6.20  6.00  5.83  5.71  5.64
  5.44  5.46  5.56  5.69  5.87  6.08  6.33  6.64  7.02  7.62  8.60  9.87 10.92 11.59 11.90 11.92 11.77 11.65 11.66 11.82 12.04 12.16 12.17 12.14 12.10 12.02 11.96 11.96 12.04 12.12 12.17 12.23 12.25 12.25 12.25 12.27 12.33 12.42 12.53 12.63 12.72 12.82 12.94 13.07 13.17 13.14 12.89 12.41 11.81 11.25 10.83 10.53 10.22  9.76  9.07  8.22  7.38  6.74  6.36  6.06  5.84  5.67  5.54  5.46
  5.26  5.30  5.42  5.59  5.78  6.02  6.28  6.65  7.14  7.97  9.23 10.53 11.54 12.18 12.47 12.47 12.31 12.15 12.12 12.21 12.34 12.36 12.29 12.25 12.22 12.15 12.06 12.04 12.10 12.17 12.24 12.29 12.31 12.32 12.33 12.35 12.43 12.55 12.69 12.82 12.95 13.10 13.28 13.48 13.64 13.67 13.44 12.95 12.30 11.67 11.19 10.86 10.55 10.12  9.50  8.69  7.74  6.86  6.34  5.95  5.69  5.50  5.37  5.28
  5.09  5.17  5.33  5.57  5.81  6.07  6.33  6.81  7.46  8.57  9.98 11.25 12.19 12.78 13.04 13.04 12.87 12.67 12.58 12.60 12.61 12.51 12.38 12.32 12.31 12.27 12.17 12.12 12.16 12.23 12.30 12.36 12.38 12.39 12.40 12.44 12.53 12.68 12.85 13.02 13.19 13.38 13.62 13.89 14.13 14.21 14.02 13.51 12.81 12.12 11.58 11.20 10.89 10.51  9.97  9.25  8.33  7.24  6.46  5.89  5.56  5.34  5.19  5.11
  4.94  5.11  5.36  5.71  6.03  6.34  6.60  7.22  8.10  9.42 10.82 12.01 12.86 13.38 13.62 13.60 13.42 13.19 13.04 12.95 12.82 12.60 12.42 12.36 12.38 12.37 12.28 12.21 12.23 12.30 12.36 12.42 12.44 12.45 12.47 12.52 12.63 12.80 13.00 13.21 13.42 13.67 13.97 14.32 14.63 14.77 14.60 14.09 13.34 12.58 11.98 11.57 11.26 10.93 10.49  9.89  9.06  7.94  6.79  5.95  5.47  5.20  5.02  4.94
  4.85  5.17  5.57  6.09  6.53  6.91  7.25  7.99  9.07 10.40 11.72 12.78 13.51 13.95 14.16 14.14 13.95 13.69 13.46 13.25 12.97 12.65 12.44 12.38 12.43 12.46 12.39 12.31 12.31 12.36 12.42 12.49 12.50 12.52 12.54 12.60 12.73 12.92 13.14 13.38 13.65 13.95 14.32 14.74 15.12 15.31 15.19 14.67 13.89 13.07 12.40 11.95 11.64 11.37 11.03 10.57  9.88  8.82  7.44  6.22  5.48  5.11  4.89  4.82
  4.90  5.44  6.08  6.79  7.36  7.83  8.36  9.13 10.20 11.46 12.63 13.54 14.12 14.47 14.63 14.61 14.41 14.12 13.80 13.45 13.03 12.65 12.43 12.39 12.45 12.53 12.50 12.40 12.38 12.43 12.49 12.55 12.57 12.58 12.61 12.68 12.82 13.02 13.26 13.53 13.85 14.21 14.65 15.13 15.58 15.84 15.75 15.25 14.44 13.56 12.83 12.34 12.04 11.82 11.61 11.30 10.77  9.82  8.43  6.84  5.71  5.15  4.83  4.79
  5.21  5.97  6.90  7.80  8.52  9.09  9.66 10.42 11.43 12.55 13.54 14.25 14.66 14.89 15.01 14.98 14.78 14.45 14.04 13.55 13.02 12.61 12.41 12.38 12.45 12.57 12.59 12.50 12.46 12.50 12.55 12.61 12.63 12.64 12.68 12.76 12.91 13.10 13.34 13.64 14.01 14.44 14.94 15.49 16.00 16.31 16.27 15.80 14.98 14.06 13.27 12.74 12.44 12.29 12.20 12.07 11.71 10.90  9.55  7.85  6.29  5.40  4.95  4.93
  5.87  6.77  7.86  8.92  9.79 10.46 11.07 11.79 12.69 13.63 14.40 14.86 15.07 15.18 15.24 15.20 15.00 14.64 14.14 13.54 12.95 12.55 12.38 12.37 12.45 12.59 12.67 12.60 12.55 12.57 12.62 12.68 12.69 12.71 12.75 12.84 12.97 13.14 13.37 13.70 14.12 14.61 15.18 15.79 16.35 16.71 16.72 16.29 15.49 14.54 13.71 13.14 12.86 12.77 12.81 12.84 12.66 12.01 10.75  9.02  7.28  6.00  5.37  5.36
  6.67  7.67  8.90 10.11 11.12 11.88 12.51 13.18 13.94 14.67 15.15 15.33 15.31 15.28 15.28 15.25 15.06 14.67 14.11 13.44 12.84 12.48 12.35 12.35 12.44 12.59 12.72 12.69 12.63 12.64 12.68 12.74 12.75 12.77 12.81 12.90 13.02 13.14 13.34 13.67 14.14 14.70 15.32 15.98 16.58 16.98 17.04 16.69 15.94 15.00 14.13 13.54 13.27 13.25 13.41 13.61 13.62 13.13 11.97 10.26  8.42  6.96  6.19  6.12
  7.57  8.64  9.98 11.32 12.46 13.31 13.96 14.55 15.13 15.59 15.74 15.59 15.34 15.18 15.14 15.10 14.93 14.54 13.94 13.26 12.70 12.40 12.31 12.33 12.42 12.59 12.76 12.77 12.71 12.71 12.75 12.80 12.81 12.83 12.88 12.96 13.03 13.09 13.24 13.57 14.07 14.68 15.36 16.05 16.67 17.09 17.21 16.95 16.30 15.40 14.54 13.93 13.67 13.72 14.00 14.36 14.54 14.21 13.17 11.52  9.63  8.05  7.14  7.01
  8.50  9.62 11.05 12.51 13.77 14.69 15.34 15.82 16.19 16.32 16.10 15.61 15.14 14.87 14.80 14.78 14.64 14.26 13.68 13.03 12.54 12.32 12.27 12.31 12.41 12.58 12.77 12.84 12.80 12.78 12.81 12.86 12.87 12.89 12.94 13.00 13.02 13.00 13.09 13.38 13.89 14.55 15.26 15.98 16.60 17.03 17.19 17.03 16.51 15.72 14.89 14.29 14.05 14.16 14.55 15.05 15.37 15.19 14.29 12.72 10.85  9.19  8.17  7.96
  9.43 10.57 12.07 13.64 14.98 15.96 16.59 16.94 17.04 16.80 16.17 15.37 14.73 14.40 14.31 14.31 14.21 13.88 13.35 12.78 12.38 12.23 12.24 12.29 12.39 12.56 12.78 12.90 12.87 12.85 12.88 12.92 12.93 12.95 12.99 13.02 12.97 12.89 12.91 13.15 13.64 14.30 15.04 15.76 16.38 16.80 16.98 16.90 16.54 15.90 15.16 14.59 14.38 14.55 15.03 15.64 16.07 16.01 15.26 13.81 11.99 10.30  9.20  8.92
 10.31 11.45 13.00 14.63 16.05 17.06 17.62 17.80 17.59 16.94 15.93 14.89 14.14 13.79 13.71 13.74 13.69 13.42 12.98 12.51 12.23 12.15 12.20 12.28 12.38 12.54 12.77 12.94 12.95 12.92 12.94 12.97 12.98 13.01 13.04 13.03 12.92 12.77 12.73 12.89 13.33 13.98 14.72 15.43 16.02 16.40 16.58 16.57 16.35 15.90 15.30 14.81 14.64 14.86 15.40 16.06 16.55 16.59 15.98 14.70 12.98 11.31 10.17  9.83
 11.07 12.20 13.77 15.43 16.87 17.87 18.35 18.32 17.77 16.72 15.40 14.20 13.43 13.09 13.04 13.11 13.11 12.93 12.59 12.25 12.07 12.07 12.17 12.26 12.37 12.53 12.76 12.96 13.01 12.99 13.00 13.03 13.04 13.06 13.08 13.02 12.86 12.71 12.61 12.65 13.00 13.61 14.32 15.01 15.56 15.90 16.04 16.04 15.94 15.69 15.27 14.90 14.79 15.05 15.60 16.25 16.73 16.81 16.36 15.28 13.75 12.16 11.02 10.63
 11.65 12.75 14.30 15.94 17.37 18.32 18.68 18.41 17.53 16.15 14.62 13.38 12.64 12.35 12.34 12.45 12.52 12.43 12.20 11.99 11.92 12.00 12.13 12.24 12.36 12.52 12.75 12.97 13.06 13.05 13.06 13.08 13.09 13.11 13.11 13.01 12.83 12.68 12.55 12.50 12.70 13.22 13.89 14.54 15.04 15.32 15.40 15.38 15.34 15.24 15.03 14.81 14.77 15.04 15.56 16.12 16.52 16.61 16.30 15.47 14.18 12.75 11.65 11.25
 11.99 13.03 14.51 16.09 17.45 18.32 18.54 18.04 16.88 15.27 13.66 12.46 11.81 11.59 11.63 11.79 11.92 11.93 11.83 11.74 11.78 11.93 12.10 12.23 12.35 12.51 12.74 12.97 13.09 13.11 13.12 13.13 13.14 13.15 13.13 12.99 12.84 12.69 12.53 12.41 12.44 12.85 13.45 14.05 14.50 14.70 14.71 14.63 14.59 14.60 14.56 14.49 14.53 14.79 15.21 15.62 15.87 15.94 15.75 15.19 14.20 12.99 12.00 11.61
 12.08 13.03 14.36 15.82 17.07 17.83 17.91 17.22 15.87 14.16 12.58 11.50 10.96 10.83 10.94 11.15 11.35 11.46 11.48 11.52 11.65 11.86 12.07 12.22 12.34 12.51 12.73 12.97 13.12 13.16 13.17 13.18 13.19 13.20 13.15 13.00 12.86 12.71 12.54 12.38 12.29 12.52 13.03 13.56 13.95 14.08 13.99 13.83 13.75 13.79 13.87 13.94 14.04 14.26 14.53 14.72 14.80 14.80 14.72 14.42 13.75 12.82 12.01 11.72
 11.82 12.68 13.88 15.13 16.24 16.88 16.83 16.02 14.58 12.89 11.43 10.52 10.13 10.10 10.28 10.55 10.82 11.02 11.16 11.31 11.53 11.80 12.04 12.21 12.34 12.50 12.72 12.96 13.14 13.20 13.22 13.23 13.24 13.23 13.16 13.02 12.89 12.74 12.57 12.38 12.21 12.26 12.64 13.10 13.41 13.46 13.29 13.03 12.87 12.88 13.01 13.16 13.29 13.43 13.51 13.47 13.34 13.25 13.25 13.18 12.84 12.22 11.68 11.48
 11.22 11.99 13.04 14.12 15.01 15.52 15.39 14.53 13.10 11.51 10.25  9.55  9.34  9.42  9.67 10.00 10.34 10.63 10.87 11.12 11.42 11.74 12.02 12.20 12.33 12.50 12.72 12.96 13.16 13.24 13.26 13.27 13.28 13.27 13.18 13.05 12.93 12.78 12.60 12.40 12.19 12.09 12.31 12.67 12.91 12.88 12.61 12.26 12.00 11.93 12.04 12.20 12.32 12.34 12.21 11.92 11.59 11.41 11.45 11.57 11.52 11.29 10.98 10.88
 10.33 11.01 11.90 12.80 13.49 13.86 13.67 12.82 11.48 10.09  9.09  8.63  8.60  8.80  9.13  9.51  9.92 10.29 10.62 10.95 11.32 11.69 11.99 12.19 12.33 12.51 12.73 12.96 13.17 13.27 13.30 13.32 13.33 13.30 13.20 13.09 12.97 12.82 12.64 12.42 12.20 12.01 12.04 12.29 12.44 12.33 11.99 11.54 11.18 11.01 11.03 11.13 11.18 11.06 10.72 10.19  9.65  9.35  9.40  9.67  9.92 10.02  9.95  9.98
  9.20  9.81 10.54 11.25 11.78 11.97 11.76 10.97  9.80  8.67  7.97  7.78  7.94  8.26  8.67  9.11  9.57 10.00 10.41 10.81 11.23 11.64 11.97 12.18 12.34 12.52 12.73 12.97 13.18 13.30 13.34 13.37 13.37 13.33 13.23 13.13 13.01 12.86 12.68 12.46 12.22 11.98 11.86 11.96 12.03 11.84 11.42 10.90 10.45 10.15 10.05 10.04  9.96  9.68  9.13  8.38  7.64  7.19  7.18  7.54  8.13  8.51  8.67  8.84
  7.92  8.44  9.03  9.55  9.91  9.95  9.72  9.04  8.10  7.30  6.95  7.04  7.38  7.87  8.35  8.84  9.34  9.81 10.26 10.70 11.15 11.59 11.95 12.18 12.34 12.53 12.75 12.98 13.19 13.33 13.38 13.41 13.41 13.36 13.27 13.17 13.05 12.90 12.71 12.49 12.24 11.98 11.76 11.70 11.67 11.42 10.94 10.37  9.83  9.43  9.17  9.00  8.77  8.32  7.57  6.87  6.02  5.41  5.24  5.29  6.18  6.83  7.22  7.52
  6.52  6.98  7.41  7.75  7.94  7.88  7.57  7.07  6.43  6.17  6.19  6.53  7.02  7.61  8.15  8.68  9.20  9.70 10.17 10.62 11.09 11.56 11.93 12.17 12.35 12.55 12.77 12.99 13.20 13.35 13.42 13.45 13.45 13.40 13.31 13.21 13.09 12.94 12.75 12.53 12.27 11.99 11.72 11.53 11.38 11.06 10.55 10.00  9.45  8.97  8.58  8.25  7.86  7.28  6.46  5.76  4.86  4.09  3.64  3.52  4.47  5.04  5.65  6.09
  5.04  5.44  5.73  5.89  5.91  5.75  5.33  5.35  5.12  5.32  5.67  6.21  6.81  7.44  8.02  8.58  9.12  9.63 10.11 10.57 11.04 11.52 11.92 12.17 12.36 12.57 12.80 13.01 13.22 13.38 13.46 13.50 13.49 13.43 13.35 13.26 13.13 12.98 12.79 12.56 12.30 12.01 11.71 11.44 11.19 10.82 10.31  9.78  9.23  8.71  8.22  7.76  7.25  6.60  5.76  5.00  4.08  3.15  2.28  2.27  3.10  3.53  4.21  4.58
  3.74  3.86  4.23  4.27  4.19  3.98  3.55  3.94  4.18  4.72  5.33  6.00  6.66  7.32  7.93  8.51  9.06  9.59 10.08 10.55 11.00 11.49 11.90 12.17 12.37 12.60 12.83 13.03 13.24 13.40 13.50 13.54 13.53 13.46 13.39 13.30 13.17 13.02 12.82 12.59 12.33 12.03 11.71 11.39 11.07 10.68 10.17  9.66  9.11  8.56  8.02  7.46  6.86  6.17  5.35  4.52  3.57  2.48  1.32  1.43  2.04  2.39  3.01  3.29
  2.66  2.60  2.99  2.96  2.85  2.65  2.31  2.79  3.53  4.32  5.10  5.85  6.56  7.23  7.87  8.46  9.03  9.56 10.06 10.53 10.99 11.47 11.89 12.17 12.38 12.63 12.86 13.06 13.26 13.43 13.53 13.58 13.57 13.50 13.43 13.34 13.21 13.05 12.86 12.63 12.36 12.06 11.73 11.38 11.01 10.59 10.10  9.59  9.05  8.48  7.90  7.29  6.63  5.91  5.10  4.22  3.22  1.93  0.81  0.93  1.28  1.57  2.03  2.29
  1.81  1.72  2.00  1.96  1.86  1.71  1.47  1.82  3.07  4.04  4.93  5.73  6.47  7.16  7.81  8.43  9.00  9.54 10.05 10.53 10.98 11.45 11.88 12.17 12.40 12.66 12.89 13.09 13.28 13.45 13.57 13.62 13.61 13.53 13.47 13.38 13.25 13.09 12.89 12.66 12.39 12.08 11.74 11.38 10.99 10.55 10.07  9.55  9.01  8.43  7.82  7.18  6.49  5.74  4.93  4.01  2.94  1.37  0.60  0.68  0.80  1.03  1.30  1.54
  1.18  1.14  1.28  1.24  1.18  1.09  0.95  0.82  2.70  3.83  4.78  5.62  6.39  7.10  7.77  8.39  8.98  9.53 10.05 10.53 10.98 11.43 11.87 12.18 12.42 12.69 12.93 13.13 13.31 13.48 13.60 13.66 13.65 13.57 13.51 13.42 13.29 13.13 12.93 12.69 12.42 12.11 11.76 11.39 10.98 10.53 10.05  9.53  8.98  8.39  7.77  7.10  6.39  5.62  4.78  3.83  2.67  0.60  0.60  0.60  0.60  0.72  0.82  1.03
  0.78  0.81  0.81  0.79  0.77  0.74  0.69  0.60  2.37  3.65  4.65  5.52  6.31  7.04  7.72  8.36  8.96  9.52 10.04 10.53 10.98 11.43 11.87 12.18 12.45 12.72 12.96 13.16 13.34 13.51 13.64 13.70 13.69 13.61 13.55 13.46 13.33 13.16 12.96 12.72 12.44 12.13 11.78 11.40 10.98 10.53 10.04  9.52  8.96  8.36  7.72  7.04  6.31  5.52  4.65  3.65  2.37  0.60  0.60  0.60  0.60  0.60  0.60  0.73
  0.60  0.65  0.60  0.60  0.60  0.60  0.60  0.60  2.03  3.45  4.51  5.42  6.23  6.98  7.68  8.33  8.93  9.50 10.03 10.53 10.99 11.43 11.87 12.19 12.47 12.75 12.99 13.20 13.37 13.53 13.67 13.74 13.72 13.65 13.59 13.50 13.37 13.20 12.99 12.75 12.47 12.15 11.80 11.41 10.99 10.53 10.03  9.50  8.93  8.33  7.68  6.98  6.23  5.42  4.51  3.45  2.03  0.60  0.60  0.60  0.60  0.60  0.60  0.60
  0.60  0.60  0.60  0.60  0.60  0.60  0.60  0.60  1.62  3.24  4.37  5.31  6.15  6.92  7.63  8.29  8.91  9.49 10.03 10.53 11.00 11.43 11.86 12.20 12.49 12.78 13.02 13.23 13.40 13.56 13.70 13.78 13.76 13.69 13.63 13.54 13.40 13.23 13.02 12.78 12.49 12.17 11.82 11.42 11.00 10.53 10.03  9.49  8.91  8.29  7.63  6.92  6.15  5.31  4.37  3.24  1.62  0.60  0.60  0.60  0.60  0.60  0.60  0.60
  0.60  0.60  0.60  0.60  0.60  0.60  0.60  0.60  1.06  3.02  4.22  5.20  6.07  6.85  7.58  8.26  8.88  9.47 10.02 10.53 11.00 11.44 11.87 12.21 12.52 12.81 13.05 13.27 13.44 13.59 13.74 13.82 13.80 13.73 13.67 13.57 13.44 13.27 13.05 12.81 12.52 12.20 11.84 11.44 11.00 10.53 10.02  9.47  8.88  8.26  7.58  6.86  6.07  5.20  4.22  3.02  1.06  0.60  0.60  0.60  0.60  0.60  0.60  0.60
  0.60  0.60  0.60  0.60  0.60  0.60  0.60  0.60  0.60  2.78  4.06  5.09  5.98  6.79  7.53  8.22  8.86  9.46 10.01 10.53 11.01 11.45 11.87 12.23 12.54 12.83 13.09 13.30 13.47 13.62 13.77 13.86 13.83 13.77 13.71 13.61 13.47 13.30 13.09 12.83 12.54 12.22 11.85 11.45 11.01 10.53 10.01  9.46  8.86  8.22  7.53  6.79  5.98  5.09  4.06  2.78  0.60  0.60  0.60  0.60  0.60  0.60  0.60  0.60
  0.60  0.60  0.60  0.60  0.60  0.60  0.60  0.60  0.60  2.52  3.90  4.98  5.90  6.73  7.48  8.18  8.83  9.44 10.01 10.53 11.01 11.46 11.88 12.24 12.57 12.86 13.12 13.33 13.51 13.65 13.80 13.89 13.87 13.80 13.74 13.65 13.51 13.33 13.12 12.86 12.57 12.24 11.87 11.46 11.01 10.53 10.01  9.44  8.83  8.18  7.48  6.73  5.90  4.98  3.90  2.52  0.60  0.60  0.60  0.60  0.60  0.60  0.60  0.60
  0.60  0.60  0.60  0.60  0.60  0.60  0.60  0.60  0.60  2.22  3.74  4.86  5.81  6.66  7.43  8.15  8.81  9.42 10.00 10.53 11.02 11.47 11.89 12.26 12.59 12.89 13.15 13.36 13.54 13.69 13.83 13.93 13.90 13.84 13.78 13.68 13.54 13.36 13.15 12.89 12.59 12.26 11.88 11.47 11.02 10.53 10.00  9.42  8.81  8.15  7.43  6.66  5.81  4.86  3.74  2.22  0.60  0.60  0.60  0.60  0.60  0.60  0.60  0.60
  0.60  0.60  0.60  0.60  0.60  0.60  0.60  0.60  0.60  1.88  3.56  4.74  5.72  6.59  7.38  8.11  8.78  9.41  9.99 10.53 11.02 11.48 11.90 12.28 12.62 12.92 13.18 13.40 13.58 13.72 13.87 13.96 13.93 13.88 13.82 13.72 13.58 13.40 13.18 12.92 12.62 12.28 11.90 11.48 11.02 10.53  9.99  9.41  8.78  8.11  7.38  6.59  5.72  4.74  3.56  1.88  0.60  0.60  0.60  0.60  0.60  0.60  0.60  0.60
  0.60  0.60  0.60  0.60  0.60  0.60  0.60  0.60  0.60  1.47  3.38  4.62  5.63  6.52  7.33  8.07  8.76  9.39  9.98 10.53 11.03 11.49 11.91 12.30 12.64 12.94 13.20 13.43 13.61 13.75 13.90 14.00 13.97 13.91 13.85 13.75 13.61 13.43 13.20 12.94 12.64 12.30 11.91 11.49 11.03 10.53  9.98  9.39  8.76  8.07  7.33  6.53  5.63  4.62  3.38  1.47  0.60  0.60  0.60  0.60  0.60  0.60  0.60  0.60
  0.60  0.60  0.60  0.60  0.60  0.60  0.60  0.60  0.60  0.87  3.18  4.49  5.54  6.46  7.28  8.03  8.73  9.37  9.97 10.52 11.03 11.50 11.93 12.31 12.66 12.97 13.23 13.46 13.64 13.78 13.93 14.03 14.00 13.95 13.89 13.78 13.64 13.46 13.23 12.97 12.66 12.31 11.93 11.50 11.03 10.52  9.97  9.37  8.73  8.03  7.28  6.46  5.54  4.49  3.18  0.87  0.60  0.60  0.60  0.60  0.60  0.60  0.60  0.60
  0.60  0.60  0.60  0.60  0.60  0.60  0.60  0.60  0.60  0.60  2.98  4.36  5.45  6.39  7.23  8.00  8.70  9.36  9.96 10.52 11.04 11.51 11.94 12.33 12.68 12.99 13.26 13.49 13.67 13.82 13.96 14.07 14.03 13.98 13.92 13.82 13.67 13.49 13.26 12.99 12.68 12.33 11.94 11.51 11.04 10.52  9.96  9.36  8.70  8.00  7.23  6.39  5.45  4.36  2.98  0.60  0.60  0.60  0.60  0.60  0.60  0.60  0.60  0.60
  0.60  0.60  0.60  0.60  0.60  0.60  0.60  0.60  0.60  0.60  2.75  4.22  5.35  6.32  7.18  7.96  8.67  9.34  9.95 10.52 11.04 11.52 11.96 12.35 12.70 13.02 13.29 13.52 13.70 13.85 13.99 14.10 14.06 14.02 13.95 13.85 13.70 13.52 13.29 13.02 12.70 12.35 11.96 11.52 11.04 10.52  9.95  9.34  8.67  7.96  7.18  6.32  5.35  4.22  2.75  0.60  0.60  0.60  0.60  0.60  0.60  0.60  0.60  0.60
  0.60  0.60  0.60  0.60  0.60  0.60  0.60  0.60  0.60  0.60  2.51  4.08  5.25  6.24  7.12  7.92  8.65  9.32  9.94 10.51 11.04 11.53 11.97 12.37 12.72 13.04 13.31 13.54 13.73 13.88 14.02 14.13 14.10 14.05 13.99 13.88 13.73 13.54 13.31 13.04 12.72 12.37 11.97 11.53 11.04 10.51  9.94  9.32  8.65  7.92  7.12  6.24  5.25  4.08  2.51  0.60  0.60  0.60  0.60  0.60  0.60  0.60  0.60  0.60
  0.60  0.60  0.60  0.60  0.60  0.60  0.60  0.60  0.60  0.60  2.24  3.94  5.15  6.17  7.07  7.88  8.62  9.30  9.93 10.51 11.04 11.53 11.98 12.38 12.74 13.06 13.34 13.57 13.76 13.91 14.04 14.16 14.13 14.08 14.02 13.91 13.76 13.57 13.34 13.06 12.74 12.38 11.98 11.53 11.04 10.51  9.93  9.30  8.62  7.88  7.07  6.17  5.15  3.94  2.24  0.60  0.60  0.60  0.60  0.60  0.60  0.60  0.60  0.60
  0.60  0.60  0.60  0.60  0.60  0.60  0.60  0.60  0.60  0.60  1.93  3.79  5.05  6.10  7.01  7.84  8.59  9.28  9.92 10.51 11.05 11.54 11.99 12.40 12.76 13.09 13.36 13.60 13.79 13.94 14.07 14.20 14.16 14.12 14.05 13.94 13.79 13.60 13.36 13.09 12.76 12.40 11.99 11.54 11.05 10.51  9.92  9.28  8.59  7.84  7.01  6.10  5.05  3.79  1.93  0.60  0.60  0.60  0.60  0.60  0.60  0.60  0.60  0.60
  0.60  0.60  0.60  0.60  0.60  0.60  0.60  0.60  0.60  0.60  1.56  3.63  4.95  6.02  6.96  7.80  8.56  9.26  9.91 10.50 11.05 11.55 12.00 12.42 12.78 13.11 13.39 13.63 13.82 13.97 14.10 14.23 14.19 14.15 14.08 13.97 13.82 13.63 13.39 13.11 12.78 12.42 12.00 11.55 11.05 10.50  9.91  9.26  8.56  7.80  6.96  6.02  4.95  3.63  1.56  0.60  0.60  0.60  0.60  0.60  0.60  0.60  0.60  0.60
  0.60  0.60  0.60  0.60  0.60  0.60  0.60  0.60  0.60  0.60  1.07  3.46  4.84  5.95  6.90  7.75  8.53  9.24  9.89 10.50 11.05 11.56 12.02 12.43 12.80 13.13 13.41 13.65 13.85 14.00 14.13 14.26 14.21 14.18 14.11 14.00 13.85 13.65 13.41 13.13 12.80 12.43 12.02 11.56 11.05 10.50  9.89  9.24  8.53  7.75  6.90  5.95  4.84  3.46  1.08  0.60  0.60  0.60  0.60  0.60  0.60  0.60  0.60  0.60
  0.60  0.60  0.60  0.60  0.60  0.60  0.60  0.60  0.60  0.60  0.60  3.29  4.73  5.87  6.84  7.71  8.50  9.22  9.88 10.49 11.05 11.56 12.03 12.45 12.82 13.15 13.44 13.68 13.88 14.03 14.16 14.29 14.24 14.21 14.14 14.03 13.88 13.68 13.44 13.15 12.82 12.45 12.03 11.56 11.05 10.49  9.88  9.22  8.50  7.71  6.84  5.87  4.73  3.29  0.60  0.60  0.60  0.60  0.60  0.60  0.60  0.60  0.60  0.60
  0.60  0.60  0.60  0.60  0.60  0.60  0.60  0.60  0.60  0.60  0.60  3.11  4.62  5.79  6.79  7.67  8.47  9.20  9.87 10.49 11.05 11.57 12.04 12.46 12.84 13.17 13.46 13.71 13.91 14.06 14.18 14.31 14.27 14.24 14.17 14.06 13.91 13.71 13.46 13.17 12.84 12.46 12.04 11.57 11.05 10.49  9.87  9.20  8.47  7.67  6.79  5.79  4.62  3.11  0.60  0.60  0.60  0.60  0.60  0.60  0.60  0.60  0.60  0.60
  0.60  0.60  0.60  0.60  0.60  0.60  0.60  0.60  0.60  0.60  0.60  2.92  4.51  5.71  6.73  7.63  8.44  9.18  9.86 10.48 11.05 11.57 12.05 12.47 12.86 13.19 13.48 13.73 13.93 14.09 14.21 14.34 14.30 14.27 14.20 14.09 13.93 13.73 13.48 13.19 12.86 12.47 12.05 11.57 11.05 10.48  9.86  9.18  8.44  7.63  6.73  5.71  4.51  2.92  0.60  0.60  0.60  0.60  0.60  0.60  0.60  0.60  0.60  0.60
  0.60  0.60  0.60  0.60  0.60  0.60  0.60  0.60  0.60  0.60  0.60  2.71  4.39  5.63  6.67  7.58  8.41  9.16  9.84 10.47 11.05 11.58 12.05 12.49 12.87 13.21 13.51 13.75 13.96 14.12 14.23 14.37 14.33 14.30 14.23 14.12 13.96 13.75 13.51 13.21 12.87 12.49 12.05 11.58 11.05 10.47  9.84  9.16  8.41  7.58  6.67  5.63  4.39  2.71  0.60  0.60  0.60  0.60  0.60  0.60  0.60  0.60  0.60  0.60
  0.60  0.60  0.60  0.60  0.60  0.60  0.60  0.60  0.60  0.60  0.60  2.48  4.27  5.54  6.61  7.54  8.37  9.13  9.83 10.47 11.05 11.58 12.06 12.50 12.89 13.23 13.53 13.78 13.98 14.14 14.26 14.40 14.35 14.32 14.26 14.14 13.98 13.78 13.53 13.23 12.89 12.50 12.06 11.58 11.05 10.47  9.83  9.13  8.37  7.54  6.61  5.54  4.27  2.48  0.60  0.60  0.60  0.60  0.60  0.60  0.60  0.60  0.60  0.60
  0.60  0.60  0.60  0.60  0.60  0.60  0.60  0.60  0.60  0.60  0.60  2.23  4.14  5.46  6.55  7.49  8.34  9.11  9.81 10.46 11.05 11.58 12.07 12.51 12.90 13.25 13.55 13.80 14.01 14.17 14.28 14.42 14.38 14.35 14.28 14.17 14.01 13.80 13.55 13.25 12.90 12.51 12.07 11.58 11.05 10.46  9.81  9.11  8.34  7.49  6.55  5.46  4.14  2.23  0.60  0.60  0.60  0.60  0.60  0.60  0.60  0.60  0.60  0.60
  0.60  0.60  0.60  0.60  0.60  0.60  0.60  0.60  0.60  0.60  0.60  1.96  4.01  5.37  6.48  7.45  8.31  9.09  9.80 10.45 11.05 11.59 12.08 12.52 12.92 13.27 13.57 13.82 14.03 14.19 14.31 14.45 14.40 14.38 14.31 14.19 14.03 13.82 13.57 13.27 12.92 12.52 12.08 11.59 11.05 10.45  9.80  9.09  8.31  7.45  6.49  5.37  4.01  1.96  0.60  0.60  0.60  0.60  0.60  0.60  0.60  0.60  0.60  0.60
  0.60  0.60  0.60  0.60  0.60  0.60  0.60  0.60  0.60  0.60  0.60  1.63  3.88  5.29  6.42  7.40  8.28  9.07  9.78 10.44 11.04 11.59 12.09 12.53 12.93 13.28 13.59 13.84 14.05 14.22 14.33 14.48 14.43 14.40 14.33 14.22 14.05 13.84 13.59 13.28 12.93 12.53 12.09 11.59 11.04 10.44  9.79  9.07  8.28  7.40  6.42  5.29  3.88  1.63  0.60  0.60  0.60  0.60  0.60  0.60  0.60  0.60  0.60  0.60
  0.60  0.60  0.60  0.60  0.60  0.60  0.60  0.60  0.60  0.60  0.60  1.22  3.74  5.20  6.36  7.36  8.24  9.04  9.77 10.43 11.04 11.59 12.09 12.54 12.95 13.30 13.61 13.87 14.08 14.24 14.36 14.50 14.45 14.43 14.36 14.24 14.08 13.87 13.61 13.30 12.95 12.54 12.09 11.59 11.04 10.43  9.77  9.04  8.24  7.36  6.36  5.20  3.74  1.22  0.60  0.60  0.60  0.60  0.60  0.60  0.60  0.60  0.60  0.60
  0.60  0.60  0.60  0.60  0.60  0.60  0.60  0.60  0.60  0.60  0.60  0.60  3.60  5.11  6.29  7.31  8.21  9.02  9.75 10.42 11.04 11.59 12.10 12.56 12.96 13.32 13.63 13.89 14.10 14.27 14.38 14.52 14.48 14.46 14.38 14.27 14.10 13.89 13.63 13.32 12.96 12.56 12.10 11.59 11.04 10.42  9.75  9.02  8.21  7.31  6.29  5.11  3.60  0.60  0.60  0.60  0.60  0.60  0.60  0.60  0.60  0.60  0.60  0.60
  0.60  0.60  0.60  0.60  0.60  0.60  0.60  0.60  0.60  0.60  0.60  0.60  3.45  5.01  6.23  7.26  8.17  8.99  9.74 10.42 11.03 11.60 12.11 12.56 12.97 13.33 13.64 13.91 14.12 14.29 14.41 14.55 14.50 14.48 14.41 14.29 14.12 13.91 13.64 13.33 12.97 12.56 12.11 11.60 11.03 10.42  9.74  8.99  8.17  7.26  6.23  5.01  3.45  0.60  0.60  0.60  0.60  0.60  0.60  0.60  0.60  0.60  0.60  0.60
  0.60  0.60  0.60  0.60  0.60  0.60  0.60  0.60  0.60  0.60  0.60  0.60  3.29  4.92  6.16  7.21  8.14  8.97  9.72 10.41 11.03 11.60 12.11 12.57 12.99 13.35 13.66 13.93 14.14 14.31 14.43 14.57 14.53 14.50 14.43 14.31 14.14 13.93 13.66 13.35 12.99 12.57 12.11 11.60 11.03 10.41  9.72  8.97  8.14  7.21  6.16  4.92  3.29  0.60  0.60  0.60  0.60  0.60  0.60  0.60  0.60  0.60  0.60  0.60
  0.60  0.60  0.60  0.60  0.60  0.60  0.60  0.60  0.60  0.60  0.60  0.60  3.12  4.82  6.10  7.17  8.10  8.94  9.70 10.40 11.03 11.60 12.12 12.58 13.00 13.36 13.68 13.95 14.16 14.33 14.45 14.59 14.55 14.53 14.45 14.33 14.16 13.95 13.68 13.36 13.00 12.58 12.12 11.60 11.03 10.40  9.70  8.94  8.10  7.17  6.10  4.82  3.12  0.60  0.60  0.60  0.60  0.60  0.60  0.60  0.60  0.60  0.60  0.60
  0.60  0.60  0.60  0.60  0.60  0.60  0.60  0.60  0.60  0.60  0.60  0.60  2.95  4.72  6.03  7.12  8.07  8.92  9.69 10.38 11.02 11.60 12.12 12.59 13.01 13.38 13.70 13.96 14.18 14.35 14.48 14.62 14.57 14.55 14.48 14.35 14.18 13.96 13.70 13.38 13.01 12.59 12.12 11.60 11.02 10.38  9.69  8.92  8.07  7.12  6.03  4.72  2.95  0.60  0.60  0.60  0.60  0.60  0.60  0.60  0.60  0.60  0.60  0.60
  0.60  0.60  0.60  0.60  0.60  0.60  0.60  0.60  0.60  0.60  0.60  0.60  2.76  4.62  5.96  7.07  8.03  8.89  9.67 10.37 11.02 11.60 12.13 12.60 13.02 13.39 13.71 13.98 14.20 14.38 14.50 14.64 14.60 14.57 14.50 14.38 14.20 13.98 13.71 13.39 13.02 12.60 12.13 11.60 11.02 10.37  9.67  8.89  8.03  7.07  5.96  4.62  2.76  0.60  0.60  0.60  0.60  0.60  0.60  0.60  0.60  0.60  0.60  0.60
  0.60  0.60  0.60  0.60  0.60  0.60  0.60  0.60  0.60  0.60  0.60  0.60  2.56  4.52  5.89  7.02  7.99  8.86  9.65 10.36 11.01 11.60 12.13 12.61 13.03 13.40 13.73 14.00 14.22 14.40 14.52 14.66 14.62 14.59 14.52 14.40 14.22 14.00 13.73 13.40 13.03 12.61 12.13 11.60 11.01 10.36  9.65  8.86  7.99  7.02  5.89  4.52  2.56  0.60  0.60  0.60  0.60  0.60  0.60  0.60  0.60  0.60  0.60  0.60
  0.60  0.60  0.60  0.60  0.60  0.60  0.60  0.60  0.60  0.60  0.60  0.60  2.35  4.41  5.82  6.96  7.96  8.84  9.63 10.35 11.00 11.60 12.13 12.61 13.04 13.42 13.74 14.02 14.24 14.42 14.54 14.68 14.64 14.61 14.54 14.42 14.24 14.02 13.74 13.42 13.04 12.61 12.13 11.60 11.00 10.35  9.63  8.84  7.96  6.96  5.82  4.41  2.35  0.60  0.60  0.60  0.60  0.60  0.60  0.60  0.60  0.60  0.60  0.60
  0.60  0.60  0.60  0.60  0.60  0.60  0.60  0.60  0.60  0.60  0.60  0.60  2.11  4.30  5.75  6.91  7.92  8.81  9.61 10.34 11.00 11.60 12.13 12.62 13.05 13.43 13.76 14.03 14.26 14.43 14.56 14.70 14.66 14.63 14.56 14.43 14.26 14.03 13.76 13.43 13.05 12.62 12.13 11.60 11.00 10.34  9.61  8.81  7.92  6.91  5.75  4.30  2.11  0.60  0.60  0.60  0.60  0.60  0.60  0.60  0.60  0.60  0.60  0.60
  0.60  0.60  0.60  0.60  0.60  0.60  0.60  0.60  0.60  0.60  0.60  0.60  1.84  4.19  5.67  6.86  7.88  8.78  9.59 10.33 10.99 11.59 12.14 12.63 13.06 13.44 13.77 14.05 14.28 14.45 14.58 14.72 14.68 14.65 14.58 14.45 14.28 14.05 13.77 13.44 13.06 12.63 12.14 11.59 10.99 10.33  9.59  8.78  7.88  6.86  5.67  4.19  1.84  0.60  0.60  0.60  0.60  0.60  0.60  0.60  0.60  0.60  0.60  0.60
  0.60  0.60  0.60  0.60  0.60  0.60  0.60  0.60  0.60  0.60  0.60  0.60  1.53  4.08  5.60  6.81  7.84  8.75  9.57 10.31 10.98 11.59 12.14 12.63 13.07 13.45 13.78 14.06 14.29 14.47 14.60 14.73 14.70 14.67 14.60 14.47 14.29 14.06 13.78 13.45 13.07 12.63 12.14 11.59 10.98 10.31  9.57  8.75  7.84  6.81  5.60  4.08  1.53  0.60  0.60  0.60  0.60  0.60  0.60  0.60  0.60  0.60  0.60  0.60
  0.60  0.60  0.60  0.60  0.60  0.60  0.60  0.60  0.60  0.60  0.60  0.60  1.13  3.96  5.52  6.75  7.80  8.73  9.55 10.30 10.98 11.59 12.14 12.64 13.08 13.46 13.80 14.08 14.31 14.49 14.62 14.75 14.72 14.69 14.62 14.49 14.31 14.08 13.80 13.46 13.08 12.64 12.14 11.59 10.98 10.30  9.55  8.73  7.80  6.75  5.52  3.96  1.13  0.60  0.60  0.60  0.60  0.60  0.60  0.60  0.60  0.60  0.60  0.60
  0.60  0.60  0.60  0.60  0.60  0.60  0.60  0.60  0.60  0.60  0.60  0.60  0.60  3.83  5.44  6.70  7.76  8.70  9.53 10.29 10.97 11.58 12.14 12.64 13.08 13.47 13.81 14.09 14.32 14.50 14.63 14.77 14.74 14.71 14.63 14.50 14.32 14.09 13.81 13.47 13.08 12.64 12.14 11.58 10.97 10.29  9.53  8.70  7.76  6.70  5.44  3.83  0.60  0.60  0.60  0.60  0.60  0.60  0.60  0.60  0.60  0.60  0.60  0.60
  0.60  0.60  0.60  0.60  0.60  0.60  0.60  0.60  0.60  0.60  0.60  0.60  0.60  3.71  5.37  6.64  7.72  8.67  9.51 10.27 10.96 11.58 12.14 12.64 13.09 13.48 13.82 14.11 14.34 14.52 14.65 14.79 14.75 14.73 14.65 14.52 14.34 14.11 13.82 13.48 13.09 12.64 12.14 11.58 10.96 10.27  9.51  8.67  7.72  6.64  5.37  3.71  0.60  0.60  0.60  0.60  0.60  0.60  0.60  0.60  0.60  0.60  0.60  0.60
  0.60  0.60  0.60  0.60  0.60  0.60  0.60  0.60  0.60  0.60  0.60  0.60  0.60  3.58  5.29  6.59  7.68  8.64  9.49 10.26 10.95 11.58 12.14 12.65 13.10 13.49 13.83 14.12 14.35 14.54 14.67 14.80 14.77 14.74 14.67 14.54 14.35 14.12 13.83 13.49 13.10 12.65 12.14 11.58 10.95 10.26  9.49  8.64  7.68  6.59  5.29  3.58  0.60  0.60  0.60  0.60  0.60  0.60  0.60  0.60  0.60  0.60  0.60  0.60
  0.60  0.60  0.60  0.60  0.60  0.60  0.60  0.60  0.60  0.60  0.60  0.60  0.60  3.44  5.20  6.53  7.64  8.61  9.47 10.24 10.94 11.57 12.14 12.65 13.10 13.50 13.84 14.13 14.37 14.55 14.68 14.82 14.79 14.76 14.68 14.55 14.37 14.13 13.84 13.50 13.10 12.65 12.14 11.57 10.94 10.24  9.47  8.61  7.64  6.53  5.20  3.44  0.60  0.60  0.60  0.60  0.60  0.60  0.60  0.60  0.60  0.60  0.60  0.60
  0.60  0.60  0.60  0.60  0.60  0.60  0.60  0.60  0.60  0.60  0.60  0.60  0.60  3.30  5.12  6.47  7.60  8.58  9.44 10.23 10.93 11.57 12.14 12.65 13.11 13.51 13.85 14.14 14.38 14.57 14.70 14.83 14.80 14.78 14.70 14.57 14.38 14.14 13.85 13.51 13.11 12.65 12.14 11.57 10.93 10.23  9.44  8.58  7.60  6.47  5.12  3.30  0.60  0.60  0.60  0.60  0.60  0.60  0.60  0.60  0.60  0.60  0.60  0.60
  0.60  0.60  0.60  0.60  0.60  0.60  0.60  0.60  0.60  0.60  0.60  0.60  0.60  3.15  5.04  6.41  7.55  8.54  9.42 10.21 10.92 11.56 12.14 12.66 13.11 13.52 13.86 14.16 14.39 14.58 14.71 14.85 14.82 14.79 14.71 14.58 14.39 14.16 13.86 13.52 13.11 12.66 12.14 11.56 10.92 10.21  9.42  8.54  7.55  6.41  5.04  3.15  0.60  0.60  0.60  0.60  0.60  0.60  0.60  0.60  0.60  0.60  0.60  0.60
  0.60  0.60  0.60  0.60  0.60  0.60  0.60  0.60  0.60  0.60  0.60  0.60  0.60  2.99  4.95  6.36  7.51  8.51  9.40 10.19 10.91 11.56 12.14 12.66 13.12 13.52 13.87 14.17 14.41 14.59 14.73 14.86 14.83 14.81 14.73 14.59 14.41 14.17 13.87 13.52 13.12 12.66 12.14 11.56 10.91 10.19  9.40  8.51  7.51  6.36  4.95  2.99  0.60  0.60  0.60  0.60  0.60  0.60  0.60  0.60  0.60  0.60  0.60  0.60
  0.60  0.60  0.60  0.60  0.60  0.60  0.60  0.60  0.60  0.60  0.60  0.60  0.60  2.83  4.86  6.30  7.47  8.48  9.38 10.18 10.90 11.55 12.13 12.66 13.12 13.53 13.88 14.18 14.42 14.61 14.74 14.87 14.85 14.82 14.74 14.61 14.42 14.18 13.88 13.53 13.12 12.66 12.13 11.55 10.90 10.18  9.38  8.48  7.47  6.30  4.86  2.83  0.60  0.60  0.60  0.60  0.60  0.60  0.60  0.60  0.60  0.60  0.60  0.60
  0.60  0.60  0.60  0.60  0.60  0.60  0.60  0.60  0.60  0.60  0.60  0.60  0.60  2.65  4.77  6.24  7.42  8.45  9.35 10.16 10.89 11.54 12.13 12.66 13.13 13.54 13.89 14.19 14.43 14.62 14.75 14.89 14.86 14.83 14.75 14.62 14.43 14.19 13.89 13.54 13.13 12.66 12.13 11.54 10.89 10.16  9.35  8.45  7.42  6.24  4.77  2.65  0.60  0.60  0.60  0.60  0.60  0.60  0.60  0.60  0.60  0.60  0.60  0.60
  0.60  0.60  0.60  0.60  0.60  0.60  0.60  0.60  0.60  0.60  0.60  0.60  0.60  2.46  4.68  6.17  7.38  8.41  9.33 10.14 10.88 11.54 12.13 12.66 13.13 13.54 13.90 14.20 14.44 14.63 14.76 14.90 14.87 14.85 14.76 14.63 14.44 14.20 13.90 13.54 13.13 12.66 12.13 11.54 10.88 10.14  9.33  8.41  7.38  6.17  4.68  2.46  0.60  0.60  0.60  0.60  0.60  0.60  0.60  0.60  0.60  0.60  0.60  0.60
  0.60  0.60  0.60  0.60  0.60  0.60  0.60  0.60  0.60  0.60  0.60  0.60  0.60  2.26  4.59  6.11  7.33  8.38  9.30 10.12 10.86 11.53 12.12 12.66 13.13 13.55 13.90 14.20 14.45 14.64 14.78 14.91 14.89 14.86 14.78 14.64 14.45 14.20 13.90 13.55 13.13 12.66 12.12 11.53 10.86 10.12  9.30  8.38  7.33  6.11  4.59  2.26  0.60  0.60  0.60  0.60  0.60  0.60  0.60  0.60  0.60  0.60  0.60  0.60
  0.60  0.60  0.60  0.60  0.60  0.60  0.60  0.60  0.60  0.60  0.60  0.60  0.60  2.03  4.49  6.05  7.29  8.35  9.28 10.11 10.85 11.52 12.12 12.66 13.13 13.55 13.91 14.21 14.46 14.65 14.79 14.92 14.90 14.87 14.79 14.65 14.46 14.21 13.91 13.55 13.13 12.66 12.12 11.52 10.85 10.11  9.28  8.35  7.29  6.05  4.49  2.03  0.60  0.60  0.60  0.60  0.60  0.60  0.60  0.60  0.60  0.60  0.60  0.60
  0.60  0.60  0.60  0.60  0.60  0.60  0.60  0.60  0.60  0.60  0.60  0.60  0.60  1.78  4.40  5.98  7.24  8.31  9.25 10.09 10.84 11.51 12.12 12.66 13.13 13.55 13.92 14.22 14.47 14.66 14.80 14.93 14.91 14.88 14.80 14.66 14.47 14.22 13.92 13.55 13.13 12.66 12.12 11.51 10.84 10.09  9.25  8.31  7.24  5.98  4.40  1.78  0.60  0.60  0.60  0.60  0.60  0.60  0.60  0.60  0.60  0.60  0.60  0.60
  0.60  0.60  0.60  0.60  0.60  0.60  0.60  0.60  0.60  0.60  0.60  0.60  0.60  1.48  4.30  5.92  7.20  8.28  9.22 10.07 10.82 11.50 12.11 12.65 13.14 13.56 13.92 14.23 14.48 14.67 14.81 14.94 14.92 14.89 14.81 14.67 14.48 14.23 13.92 13.56 13.14 12.65 12.11 11.50 10.82 10.07  9.22  8.28  7.20  5.92  4.30  1.49  0.60  0.60  0.60  0.60  0.60  0.60  0.60  0.60  0.60  0.60  0.60  0.60
  0.60  0.60  0.60  0.60  0.60  0.60  0.60  0.60  0.60  0.60  0.60  0.60  0.60  1.11  4.19  5.85  7.15  8.24  9.20 10.05 10.81 11.49 12.10 12.65 13.14 13.56 13.93 14.23 14.48 14.68 14.82 14.95 14.93 14.90 14.82 14.68 14.48 14.23 13.93 13.56 13.14 12.65 12.10 11.49 10.81 10.05  9.20  8.24  7.15  5.85  4.19  1.11  0.60  0.60  0.60  0.60  0.60  0.60  0.60  0.60  0.60  0.60  0.60  0.60
  0.60  0.60  0.60  0.60  0.60  0.60  0.60  0.60  0.60  0.60  0.60  0.60  0.60  0.60  4.09  5.79  7.10  8.21  9.17 10.03 10.79 11.48 12.10 12.65 13.14 13.56 13.93 14.24 14.49 14.69 14.83 14.96 14.94 14.91 14.83 14.69 14.49 14.24 13.93 13.56 13.14 12.65 12.10 11.48 10.79 10.03  9.17  8.21  7.10  5.79  4.09  0.60  0.60  0.60  0.60  0.60  0.60  0.60  0.60  0.60  0.60  0.60  0.60  0.60
  0.60  0.60  0.60  0.60  0.60  0.60  0.60  0.60  0.60  0.60  0.60  0.60  0.60  0.60  3.98  5.72  7.05  8.17  9.14 10.01 10.78 11.47 12.09 12.65 13.14 13.56 13.93 14.24 14.50 14.69 14.84 14.97 14.95 14.92 14.84 14.69 14.50 14.24 13.93 13.56 13.14 12.65 12.09 11.47 10.78 10.01  9.14  8.17  7.05  5.72  3.98  0.60  0.60  0.60  0.60  0.60  0.60  0.60  0.60  0.60  0.60  0.60  0.60  0.60
  0.60  0.60  0.60  0.60  0.60  0.60  0.60  0.60  0.60  0.60  0.60  0.60  0.60  0.60  3.87  5.65  7.00  8.13  9.12  9.99 10.76 11.46 12.09 12.64 13.13 13.57 13.94 14.25 14.50 14.70 14.84 14.98 14.96 14.93 14.84 14.70 14.50 14.25 13.94 13.57 13.13 12.64 12.09 11.46 10.76  9.99  9.12  8.13  7.00  5.65  3.87  0.60  0.60  0.60  0.60  0.60  0.60  0.60  0.60  0.60  0.60  0.60  0.60  0.60
  0.60  0.60  0.60  0.60  0.60  0.60  0.60  0.60  0.60  0.60  0.60  0.60  0.60  0.60  3.75  5.58  6.95  8.10  9.09  9.97 10.75 11.45 12.08 12.64 13.13 13.57 13.94 14.25 14.51 14.71 14.85 14.98 14.96 14.93 14.85 14.71 14.51 14.25 13.94 13.57 13.13 12.64 12.08 11.45 10.75  9.97  9.09  8.10  6.95  5.58  3.75  0.60  0.60  0.60  0.60  0.60  0.60  0.60  0.60  0.60  0.60  0.60  0.60  0.60
  0.60  0.60  0.60  0.60  0.60  0.60  0.60  0.60  0.60  0.60  0.60  0.60  0.60  0.60  3.64  5.51  6.90  8.06  9.06  9.94 10.73 11.44 12.07 12.63 13.13 13.57 13.94 14.26 14.51 14.71 14.86 14.99 14.97 14.94 14.86 14.71 14.51 14.26 13.94 13.57 13.13 12.63 12.07 11.44 10.73  9.94  9.06  8.06  6.90  5.51  3.64  0.60  0.60  0.60  0.60  0.60  0.60  0.60  0.60  0.60  0.60  0.60  0.60  0.60
  0.60  0.60  0.60  0.60  0.60  0.60  0.60  0.60  0.60  0.60  0.60  0.60  0.60  0.60  3.51  5.44  6.85  8.02  9.03  9.92 10.72 11.43 12.06 12.63 13.13 13.57 13.94 14.26 14.52 14.72 14.86 15.00 14.98 14.95 14.86 14.72 14.52 14.26 13.94 13.57 13.13 12.63 12.06 11.43 10.72  9.92  9.03  8.02  6.85  5.44  3.51  0.60  0.60  0.60  0.60  0.60  0.60  0.60  0.60  0.60  0.60  0.60  0.60  0.60
  0.60  0.60  0.60  0.60  0.60  0.60  0.60  0.60  0.60  0.60  0.60  0.60  0.60  0.60  3.39  5.36  6.80  7.98  9.00  9.90 10.70 11.41 12.05 12.62 13.13 13.57 13.94 14.26 14.52 14.72 14.87 15.00 14.98 14.95 14.87 14.72 14.52 14.26 13.94 13.57 13.13 12.62 12.05 11.41 10.70  9.90  9.00  7.98  6.80  5.36  3.39  0.60  0.60  0.60  0.60  0.60  0.60  0.60  0.60  0.60  0.60  0.60  0.60  0.60
  0.60  0.60  0.60  0.60  0.60  0.60  0.60  0.60  0.60  0.60  0.60  0.60  0.60  0.60  3.25  5.29  6.75  7.94  8.97  9.88 10.68 11.40 12.04 12.62 13.12 13.56 13.95 14.27 14.53 14.73 14.87 15.01 14.99 14.96 14.87 14.73 14.53 14.27 13.95 13.56 13.12 12.62 12.04 11.40 10.68  9.88  8.97  7.94  6.75  5.29  3.25  0.60  0.60  0.60  0.60  0.60  0.60  0.60  0.60  0.60  0.60  0.60  0.60  0.60
  0.60  0.60  0.60  0.60  0.60  0.60  0.60  0.60  0.60  0.60  0.60  0.60  0.60  0.60  3.11  5.21  6.69  7.90  8.94  9.85 10.66 11.39 12.03 12.61 13.12 13.56 13.95 14.27 14.53 14.73 14.88 15.01 14.99 14.96 14.88 14.73 14.53 14.27 13.95 13.56 13.12 12.61 12.03 11.39 10.66  9.85  8.94  7.90  6.69  5.21  3.11  0.60  0.60  0.60  0.60  0.60  0.60  0.60  0.60  0.60  0.60  0.60  0.60  0.60
  0.60  0.60  0.60  0.60  0.60  0.60  0.60  0.60  0.60  0.60  0.60  0.60  0.60  0.60  2.97  5.14  6.64  7.86  8.91  9.83 10.64 11.37 12.02 12.60 13.11 13.56 13.94 14.27 14.53 14.74 14.88 15.01 15.00 14.97 14.88 14.74 14.53 14.27 13.94 13.56 13.11 12.60 12.02 11.37 10.64  9.83  8.91  7.86  6.64  5.14  2.97  0.60  0.60  0.60  0.60  0.60  0.60  0.60  0.60  0.60  0.60  0.60  0.60  0.60
  0.60  0.60  0.60  0.60  0.60  0.60  0.60  0.60  0.60  0.60  0.60  0.60  0.60  0.60  2.82  5.06  6.59  7.82  8.88  9.80 10.63 11.36 12.01 12.59 13.11 13.56 13.94 14.27 14.53 14.74 14.88 15.02 15.00 14.97 14.88 14.74 14.53 14.27 13.94 13.56 13.11 12.59 12.01 11.36 10.63  9.80  8.88  7.82  6.59  5.06  2.82  0.60  0.60  0.60  0.60  0.60  0.60  0.60  0.60  0.60  0.60  0.60  0.60  0.60
  0.60  0.60  0.60  0.60  0.60  0.60  0.60  0.60  0.60  0.60  0.60  0.60  0.60  0.60  2.66  4.98  6.53  7.78  8.85  9.78 10.61 11.34 12.00 12.59 13.10 13.55 13.94 14.27 14.53 14.74 14.89 15.02 15.00 14.98 14.89 14.74 14.53 14.27 13.94 13.55 13.10 12.59 12.00 11.34 10.61  9.78  8.85  7.78  6.53  4.98  2.66  0.60  0.60  0.60  0.60  0.60  0.60  0.60  0.60  0.60  0.60  0.60  0.60  0.60
  0.60  0.60  0.60  0.60  0.60  0.60  0.60  0.60  0.60  0.60  0.60  0.60  0.60  0.60  2.48  4.90  6.48  7.74  8.81  9.75 10.59 11.33 11.99 12.58 13.10 13.55 13.94 14.27 14.53 14.74 14.89 15.02 15.01 14.98 14.89 14.74 14.53 14.27 13.94 13.55 13.10 12.58 11.99 11.33 10.59  9.75  8.81  7.74  6.48  4.90  2.48  0.60  0.60  0.60  0.60  0.60  0.60  0.60  0.60  0.60  0.60  0.60  0.60  0.60
  0.60  0.60  0.60  0.60  0.60  0.60  0.60  0.60  0.60  0.60  0.60  0.60  0.60  0.60  2.30  4.81  6.42  7.70  8.78  9.73 10.57 11.31 11.98 12.57 13.09 13.55 13.94 14.27 14.54 14.74 14.89 15.02 15.01 14.98 14.89 14.74 14.54 14.27 13.94 13.55 13.09 12.57 11.98 11.31 10.57  9.73  8.78  7.70  6.42  4.81  2.30  0.60  0.60  0.60  0.60  0.60  0.60  0.60  0.60  0.60  0.60  0.60  0.60  0.60
  0.60  0.60  0.60  0.60  0.60  0.60  0.60  0.60  0.60  0.60  0.60  0.60  0.60  0.60  2.10  4.73  6.36  7.65  8.75  9.70 10.55 11.30 11.97 12.56 13.08 13.54 13.93 14.27 14.53 14.74 14.89 15.02 15.01 14.98 14.89 14.74 14.53 14.27 13.93 13.54 13.08 12.56 11.97 11.30 10.55  9.70  8.75  7.65  6.36  4.73  2.10  0.60  0.60  0.60  0.60  0.60  0.60  0.60  0.60  0.60  0.60  0.60  0.60  0.60
  0.60  0.60  0.60  0.60  0.60  0.60  0.60  0.60  0.60  0.60  0.60  0.60  0.60  0.60  1.88  4.64  6.30  7.61  8.71  9.68 10.52 11.28 11.95 12.55 13.08 13.54 13.93 14.26 14.53 14.74 14.89 15.02 15.01 14.98 14.89 14.74 14.53 14.26 13.93 13.54 13.08 12.55 11.95 11.28 10.52  9.68  8.71  7.61  6.30  4.64  1.88  0.60  0.60  0.60  0.60  0.60  0.60  0.60  0.60  0.60  0.60  0.60  0.60  0.60
  0.60  0.60  0.60  0.60  0.60  0.60  0.60  0.60  0.60  0.60  0.60  0.60  0.60  0.60  1.62  4.55  6.24  7.57  8.68  9.65 10.50 11.26 11.94 12.54 13.07 13.53 13.93 14.26 14.53 14.74 14.89 15.02 15.01 14.98 14.89 14.74 14.53 14.26 13.93 13.53 13.07 12.54 11.94 11.26 10.50  9.65  8.68  7.57  6.24  4.55  1.62  0.60  0.60  0.60  0.60  0.60  0.60  0.60  0.60  0.60  0.60  0.60  0.60  0.60
  0.60  0.60  0.60  0.60  0.60  0.60  0.60  0.60  0.60  0.60  0.60  0.60  0.60  0.60  1.32  4.46  6.18  7.52  8.65  9.62 10.48 11.25 11.92 12.53 13.06 13.52 13.92 14.26 14.53 14.74 14.89 15.02 15.01 14.98 14.89 14.74 14.53 14.26 13.92 13.52 13.06 12.53 11.92 11.25 10.48  9.62  8.65  7.52  6.19  4.46  1.32  0.60  0.60  0.60  0.60  0.60  0.60  0.60  0.60  0.60  0.60  0.60  0.60  0.60
  0.60  0.60  0.60  0.60  0.60  0.60  0.60  0.60  0.60  0.60  0.60  0.60  0.60  0.60  0.93  4.37  6.12  7.48  8.61  9.59 10.46 11.23 11.91 12.52 13.05 13.52 13.92 14.25 14.53 14.74 14.89 15.02 15.01 14.98 14.89 14.74 14.53 14.25 13.92 13.52 13.05 12.52 11.91 11.23 10.46  9.59  8.61  7.48  6.12  4.37  0.93  0.60  0.60  0.60  0.60  0.60  0.60  0.60  0.60  0.60  0.60  0.60  0.60  0.60
  0.60  0.60  0.60  0.60  0.60  0.60  0.60  0.60  0.60  0.60  0.60  0.60  0.60  0.60  0.60  4.28  6.06  7.43  8.58  9.56 10.44 11.21 11.90 12.50 13.04 13.51 13.91 14.25 14.52 14.74 14.89 15.02 15.01 14.98 14.89 14.74 14.52 14.25 13.91 13.51 13.04 12.50 11.90 11.21 10.44  9.57  8.58  7.43  6.06  4.28  0.60  0.60  0.60  0.60  0.60  0.60  0.60  0.60  0.60  0.60  0.60  0.60  0.60  0.60
  0.60  0.60  0.60  0.60  0.60  0.60  0.60  0.60  0.60  0.60  0.60  0.60  0.60  0.60  0.60  4.18  6.00  7.39  8.54  9.54 10.41 11.19 11.88 12.49 13.03 13.50 13.90 14.24 14.52 14.73 14.89 15.02 15.01 14.98 14.89 14.73 14.52 14.24 13.90 13.50 13.03 12.49 11.88 11.19 10.41  9.54  8.54  7.39  6.00  4.18  0.60  0.60  0.60  0.60  0.60  0.60  0.60  0.60  0.60  0.60  0.60  0.60  0.60  0.60
  0.60  0.60  0.60  0.60  0.60  0.60  0.60  0.60  0.60  0.60  0.60  0.60  0.60  0.60  0.60  4.08  5.94  7.34  8.50  9.51 10.39 11.17 11.86 12.48 13.02 13.49 13.90 14.24 14.52 14.73 14.88 15.01 15.01 14.97 14.88 14.73 14.52 14.24 13.90 13.49 13.02 12.48 11.86 11.17 10.39  9.51  8.50  7.34  5.94  4.08  0.60  0.60  0.60  0.60  0.60  0.60  0.60  0.60  0.60  0.60  0.60  0.60  0.60  0.60
  0.60  0.60  0.60  0.60  0.60  0.60  0.60  0.60  0.60  0.60  0.60  0.60  0.60  0.60  0.60  3.98  5.87  7.29  8.47  9.48 10.36 11.15 11.85 12.47 13.01 13.48 13.89 14.23 14.51 14.73 14.88 15.01 15.00 14.97 14.88 14.73 14.51 14.23 13.89 13.48 13.01 12.47 11.85 11.15 10.36  9.48  8.47  7.29  5.87  3.98  0.60  0.60  0.60  0.60  0.60  0.60  0.60  0.60  0.60  0.60  0.60  0.60  0.60  0.60
  0.60  0.60  0.60  0.60  0.60  0.60  0.60  0.60  0.60  0.60  0.60  0.60  0.60  0.60  0.60  3.87  5.81  7.24  8.43  9.45 10.34 11.13 11.83 12.45 13.00 13.47 13.88 14.23 14.50 14.72 14.88 15.00 15.00 14.97 14.88 14.72 14.51 14.23 13.88 13.47 13.00 12.45 11.83 11.13 10.34  9.45  8.43  7.24  5.81  3.87  0.60  0.60  0.60  0.60  0.60  0.60  0.60  0.60  0.60  0.60  0.60  0.60  0.60  0.60
  0.60  0.60  0.60  0.60  0.60  0.60  0.60  0.60  0.60  0.60  0.60  0.60  0.60  0.60  0.60  3.77  5.74  7.20  8.39  9.42 10.31 11.11 11.81 12.44 12.99 13.46 13.87 14.22 14.50 14.72 14.87 15.00 14.99 14.96 14.87 14.72 14.50 14.22 13.87 13.46 12.99 12.44 11.81 11.11 10.32  9.42  8.39  7.20  5.74  3.77  0.60  0.60  0.60  0.60  0.60  0.60  0.60  0.60  0.60  0.60  0.60  0.60  0.60  0.60
  0.60  0.60  0.60  0.60  0.60  0.60  0.60  0.60  0.60  0.60  0.60  0.60  0.60  0.60  0.60  3.66  5.68  7.15  8.35  9.39 10.29 11.09 11.80 12.42 12.97 13.45 13.87 14.21 14.49 14.71 14.87 14.99 14.99 14.96 14.87 14.71 14.49 14.21 13.87 13.45 12.97 12.42 11.80 11.09 10.29  9.39  8.35  7.15  5.68  3.66  0.60  0.60  0.60  0.60  0.60  0.60  0.60  0.60  0.60  0.60  0.60  0.60  0.60  0.60
  0.60  0.60  0.60  0.60  0.60  0.60  0.60  0.60  0.60  0.60  0.60  0.60  0.60  0.60  0.60  3.54  5.61  7.10  8.31  9.35 10.26 11.07 11.78 12.41 12.96 13.44 13.86 14.20 14.49 14.70 14.86 14.99 14.98 14.95 14.86 14.70 14.49 14.20 13.86 13.44 12.96 12.41 11.78 11.07 10.26  9.35  8.31  7.10  5.61  3.54  0.60  0.60  0.60  0.60  0.60  0.60  0.60  0.60  0.60  0.60  0.60  0.60  0.60  0.60
  0.60  0.60  0.60  0.60  0.60  0.60  0.60  0.60  0.60  0.60  0.60  0.60  0.60  0.60  0.60  3.42  5.54  7.05  8.27  9.32 10.24 11.04 11.76 12.39 12.95 13.43 13.85 14.19 14.48 14.70 14.85 14.98 14.98 14.95 14.85 14.70 14.48 14.19 13.85 13.43 12.95 12.39 11.76 11.04 10.24  9.32  8.27  7.05  5.54  3.42  0.60  0.60  0.60  0.60  0.60  0.60  0.60  0.60  0.60  0.60  0.60  0.60  0.60  0.60
  0.60  0.60  0.60  0.60  0.60  0.60  0.60  0.60  0.60  0.60  0.60  0.60  0.60  0.60  0.60  3.30  5.47  7.00  8.23  9.29 10.21 11.02 11.74 12.37 12.93 13.42 13.84 14.18 14.47 14.69 14.85 14.97 14.97 14.94 14.85 14.69 14.47 14.18 13.84 13.42 12.93 12.37 11.74 11.02 10.21  9.29  8.23  7.00  5.47  3.30  0.60  0.60  0.60  0.60  0.60  0.60  0.60  0.60  0.60  0.60  0.60  0.60  0.60  0.60
  0.60  0.60  0.60  0.60  0.60  0.60  0.60  0.60  0.60  0.60  0.60  0.60  0.60  0.60  0.60  3.17  5.40  6.95  8.19  9.26 10.18 11.00 11.72 12.36 12.92 13.41 13.82 14.18 14.46 14.68 14.84 14.97 14.96 14.93 14.84 14.68 14.46 14.18 13.82 13.41 12.92 12.36 11.72 11.00 10.18  9.26  8.19  6.95  5.40  3.17  0.60  0.60  0.60  0.60  0.60  0.60  0.60  0.60  0.60  0.60  0.60  0.60  0.60  0.60
  0.60  0.60  0.60  0.60  0.60  0.60  0.60  0.60  0.60  0.60  0.60  0.60  0.60  0.60  0.60  3.04  5.33  6.89  8.15  9.22 10.15 10.98 11.70 12.34 12.90 13.39 13.81 14.16 14.45 14.67 14.83 14.96 14.96 14.93 14.83 14.67 14.45 14.16 13.81 13.39 12.90 12.34 11.70 10.98 10.16  9.22  8.15  6.89  5.33  3.04  0.60  0.60  0.60  0.60  0.60  0.60  0.60  0.60  0.60  0.60  0.60  0.60  0.60  0.60
  0.60  0.60  0.60  0.60  0.60  0.60  0.60  0.60  0.60  0.60  0.60  0.60  0.60  0.60  0.60  2.90  5.25  6.84  8.11  9.19 10.13 10.95 11.68 12.32 12.89 13.38 13.80 14.15 14.44 14.66 14.82 14.95 14.95 14.92 14.82 14.66 14.44 14.15 13.80 13.38 12.89 12.32 11.68 10.95 10.13  9.19  8.11  6.84  5.25  2.90  0.60  0.60  0.60  0.60  0.60  0.60  0.60  0.60  0.60  0.60  0.60  0.60  0.60  0.60
  0.60  0.60  0.60  0.60  0.60  0.60  0.60  0.60  0.60  0.60  0.60  0.60  0.60  0.60  0.60  2.75  5.18  6.79  8.07  9.16 10.10 10.93 11.66 12.30 12.87 13.36 13.79 14.14 14.43 14.65 14.81 14.94 14.94 14.91 14.81 14.65 14.43 14.14 13.79 13.36 12.87 12.30 11.66 10.93 10.10  9.16  8.07  6.79  5.18  2.75  0.60  0.60  0.60  0.60  0.60  0.60  0.60  0.60  0.60  0.60  0.60  0.60  0.60  0.60
  0.60  0.60  0.60  0.60  0.60  0.60  0.60  0.60  0.60  0.60  0.60  0.60  0.60  0.60  0.60  2.60  5.10  6.73  8.03  9.12 10.07 10.90 11.64 12.29 12.85 13.35 13.77 14.13 14.42 14.64 14.80 14.93 14.93 14.90 14.80 14.64 14.42 14.13 13.77 13.35 12.85 12.29 11.64 10.90 10.07  9.12  8.03  6.73  5.10  2.60  0.60  0.60  0.60  0.60  0.60  0.60  0.60  0.60  0.60  0.60  0.60  0.60  0.60  0.60
  0.60  0.60  0.60  0.60  0.60  0.60  0.60  0.60  0.60  0.60  0.60  0.60  0.60  0.60  0.60  2.43  5.03  6.68  7.98  9.09 10.04 10.88 11.61 12.27 12.84 13.33 13.76 14.12 14.41 14.63 14.79 14.92 14.92 14.89 14.79 14.63 14.41 14.12 13.76 13.33 12.84 12.27 11.61 10.88 10.04  9.09  7.99  6.68  5.03  2.43  0.60  0.60  0.60  0.60  0.60  0.60  0.60  0.60  0.60  0.60  0.60  0.60  0.60  0.60
  0.60  0.60  0.60  0.60  0.60  0.60  0.60  0.60  0.60  0.60  0.60  0.60  0.60  0.60  0.60  2.25  4.95  6.62  7.94  9.05 10.01 10.85 11.59 12.25 12.82 13.32 13.75 14.10 14.40 14.62 14.78 14.91 14.91 14.88 14.78 14.62 14.40 14.10 13.75 13.32 12.82 12.25 11.59 10.85 10.01  9.05  7.94  6.62  4.95  2.25  0.60  0.60  0.60  0.60  0.60  0.60  0.60  0.60  0.60  0.60  0.60  0.60  0.60  0.60
  0.60  0.60  0.60  0.60  0.60  0.60  0.60  0.60  0.60  0.60  0.60  0.60  0.60  0.60  0.60  2.06  4.87  6.57  7.90  9.01  9.98 10.82 11.57 12.23 12.80 13.30 13.73 14.09 14.38 14.61 14.77 14.90 14.90 14.87 14.77 14.61 14.38 14.09 13.73 13.30 12.80 12.23 11.57 10.82  9.98  9.01  7.90  6.57  4.87  2.06  0.60  0.60  0.60  0.60  0.60  0.60  0.60  0.60  0.60  0.60  0.60  0.60  0.60  0.60
  0.60  0.60  0.60  0.60  0.60  0.60  0.60  0.60  0.60  0.60  0.60  0.60  0.60  0.60  0.60  1.85  4.79  6.51  7.85  8.98  9.95 10.80 11.55 12.21 12.78 13.29 13.72 14.08 14.37 14.60 14.76 14.88 14.89 14.85 14.76 14.60 14.37 14.08 13.72 13.29 12.78 12.21 11.55 10.80  9.95  8.98  7.85  6.51  4.79  1.85  0.60  0.60  0.60  0.60  0.60  0.60  0.60  0.60  0.60  0.60  0.60  0.60  0.60  0.60
  0.60  0.60  0.60  0.60  0.60  0.60  0.60  0.60  0.60  0.60  0.60  0.60  0.60  0.60  0.60  1.61  4.70  6.45  7.81  8.94  9.92 10.77 11.52 12.18 12.76 13.27 13.70 14.06 14.36 14.58 14.75 14.87 14.87 14.84 14.75 14.58 14.36 14.06 13.70 13.27 12.76 12.18 11.52 10.77  9.92  8.94  7.81  6.45  4.70  1.61  0.60  0.60  0.60  0.60  0.60  0.60  0.60  0.60  0.60  0.60  0.60  0.60  0.60  0.60
  0.60  0.60  0.60  0.60  0.60  0.60  0.60  0.60  0.60  0.60  0.60  0.60  0.60  0.60  0.60  1.33  4.62  6.39  7.76  8.90  9.88 10.74 11.50 12.16 12.74 13.25 13.68 14.05 14.34 14.57 14.73 14.86 14.86 14.83 14.73 14.57 14.34 14.05 13.68 13.25 12.74 12.16 11.50 10.74  9.88  8.90  7.76  6.39  4.62  1.33  0.60  0.60  0.60  0.60  0.60  0.60  0.60  0.60  0.60  0.60  0.60  0.60  0.60  0.60
  0.60  0.60  0.60  0.60  0.60  0.60  0.60  0.60  0.60  0.60  0.60  0.60  0.60  0.60  0.60  0.96  4.53  6.33  7.72  8.86  9.85 10.71 11.47 12.14 12.72 13.23 13.67 14.03 14.33 14.56 14.72 14.84 14.85 14.82 14.72 14.56 14.33 14.03 13.67 13.23 12.72 12.14 11.47 10.71  9.85  8.86  7.72  6.33  4.53  0.96  0.60  0.60  0.60  0.60  0.60  0.60  0.60  0.60  0.60  0.60  0.60  0.60  0.60  0.60
  0.60  0.60  0.60  0.60  0.60  0.60  0.60  0.60  0.60  0.60  0.60  0.60  0.60  0.60  0.60  0.60  4.44  6.27  7.67  8.83  9.82 10.68 11.45 12.12 12.70 13.21 13.65 14.01 14.31 14.54 14.70 14.83 14.83 14.80 14.70 14.54 14.31 14.01 13.65 13.21 12.70 12.12 11.45 10.68  9.82  8.83  7.67  6.27  4.44  0.60  0.60  0.60  0.60  0.60  0.60  0.60  0.60  0.60  0.60  0.60  0.60  0.60  0.60  0.60
  0.60  0.60  0.60  0.60  0.60  0.60  0.60  0.60  0.60  0.60  0.60  0.60  0.60  0.60  0.60  0.60  4.35  6.21  7.62  8.79  9.78 10.66 11.42 12.09 12.68 13.19 13.63 14.00 14.30 14.53 14.69 14.81 14.82 14.79 14.69 14.53 14.30 14.00 13.63 13.19 12.68 12.09 11.42 10.66  9.78  8.79  7.62  6.21  4.35  0.60  0.60  0.60  0.60  0.60  0.60  0.60  0.60  0.60  0.60  0.60  0.60  0.60  0.60  0.60
  0.60  0.60  0.60  0.60  0.60  0.60  0.60  0.60  0.60  0.60  0.60  0.60  0.60  0.60  0.60  0.60  4.26  6.15  7.57  8.75  9.75 10.63 11.39 12.07 12.66 13.17 13.61 13.98 14.28 14.51 14.67 14.80 14.80 14.77 14.67 14.51 14.28 13.98 13.61 13.17 12.66 12.07 11.39 10.63  9.75  8.75  7.57  6.15  4.26  0.60  0.60  0.60  0.60  0.60  0.60  0.60  0.60  0.60  0.60  0.60  0.60  0.60  0.60  0.60
  0.60  0.60  0.60  0.60  0.60  0.60  0.60  0.60  0.60  0.60  0.60  0.60  0.60  0.60  0.60  0.60  4.16  6.09  7.52  8.71  9.72 10.60 11.37 12.05 12.64 13.15 13.59 13.96 14.26 14.49 14.66 14.78 14.79 14.76 14.66 14.49 14.26 13.96 13.59 13.15 12.64 12.05 11.37 10.60  9.72  8.71  7.53  6.09  4.16  0.60  0.60  0.60  0.60  0.60  0.60  0.60  0.60  0.60  0.60  0.60  0.60  0.60  0.60  0.60
  0.60  0.60  0.60  0.60  0.60  0.60  0.60  0.60  0.60  0.60  0.60  0.60  0.60  0.60  0.60  0.60  4.07  6.03  7.48  8.67  9.68 10.56 11.34 12.02 12.62 13.13 13.57 13.94 14.24 14.48 14.64 14.77 14.77 14.74 14.64 14.48 14.24 13.94 13.57 13.13 12.62 12.02 11.34 10.56  9.68  8.67  7.48  6.03  4.07  0.60  0.60  0.60  0.60  0.60  0.60  0.60  0.60  0.60  0.60  0.60  0.60  0.60  0.60  0.60
  0.60  0.60  0.60  0.60  0.60  0.60  0.60  0.60  0.60  0.60  0.60  0.60  0.60  0.60  0.60  0.60  3.97  5.96  7.43  8.62  9.65 10.53 11.31 12.00 12.59 13.11 13.55 13.92 14.23 14.46 14.62 14.75 14.76 14.72 14.62 14.46 14.23 13.92 13.55 13.11 12.59 12.00 11.31 10.53  9.65  8.62  7.43  5.96  3.97  0.60  0.60  0.60  0.60  0.60  0.60  0.60  0.60  0.60  0.60  0.60  0.60  0.60  0.60  0.60
  0.60  0.60  0.60  0.60  0.60  0.60  0.60  0.60  0.60  0.60  0.60  0.60  0.60  0.60  0.60  0.60  3.86  5.90  7.38  8.58  9.61 10.50 11.28 11.97 12.57 13.09 13.53 13.90 14.21 14.44 14.61 14.73 14.74 14.71 14.61 14.44 14.21 13.90 13.53 13.09 12.57 11.97 11.28 10.50  9.61  8.58  7.38  5.90  3.86  0.60  0.60  0.60  0.60  0.60  0.60  0.60  0.60  0.60  0.60  0.60  0.60  0.60  0.60  0.60
  0.60  0.60  0.60  0.60  0.60  0.60  0.60  0.60  0.60  0.60  0.60  0.60  0.60  0.60  0.60  0.60  3.76  5.83  7.32  8.54  9.57 10.47 11.25 11.94 12.54 13.07 13.51 13.88 14.19 14.42 14.59 14.71 14.72 14.69 14.59 14.42 14.19 13.88 13.51 13.07 12.54 11.94 11.25 10.47  9.57  8.54  7.32  5.83  3.76  0.60  0.60  0.60  0.60  0.60  0.60  0.60  0.60  0.60  0.60  0.60  0.60  0.60  0.60  0.60
  0.60  0.60  0.60  0.60  0.60  0.60  0.60  0.60  0.60  0.60  0.60  0.60  0.60  0.60  0.60  0.60  3.65  5.76  7.27  8.50  9.54 10.44 11.23 11.92 12.52 13.04 13.49 13.86 14.17 14.40 14.57 14.69 14.70 14.67 14.57 14.40 14.17 13.86 13.49 13.04 12.52 11.92 11.23 10.44  9.54  8.50  7.27  5.76  3.65  0.60  0.60  0.60  0.60  0.60  0.60  0.60  0.60  0.60  0.60  0.60  0.60  0.60  0.60  0.60
  0.60  0.60  0.60  0.60  0.60  0.60  0.60  0.60  0.60  0.60  0.60  0.60  0.60  0.60  0.60  0.60  3.54  5.69  7.22  8.45  9.50 10.40 11.20 11.89 12.49 13.02 13.47 13.84 14.15 14.38 14.55 14.67 14.68 14.65 14.55 14.38 14.15 13.84 13.47 13.02 12.49 11.89 11.20 10.40  9.50  8.45  7.22  5.69  3.54  0.60  0.60  0.60  0.60  0.60  0.60  0.60  0.60  0.60  0.60  0.60  0.60  0.60  0.60  0.60
  0.60  0.60  0.60  0.60  0.60  0.60  0.60  0.60  0.60  0.60  0.60  0.60  0.60  0.60  0.60  0.60  3.42  5.62  7.17  8.41  9.46 10.37 11.16 11.86 12.47 12.99 13.44 13.82 14.13 14.36 14.53 14.65 14.66 14.63 14.53 14.36 14.13 13.82 13.44 12.99 12.47 11.86 11.16 10.37  9.46  8.41  7.17  5.62  3.42  0.60  0.60  0.60  0.60  0.60  0.60  0.60  0.60  0.60  0.60  0.60  0.60  0.60  0.60  0.60
  0.60  0.60  0.60  0.60  0.60  0.60  0.60  0.60  0.60  0.60  0.60  0.60  0.60  0.60  0.60  0.60  3.30  5.55  7.11  8.37  9.42 10.34 11.13 11.83 12.44 12.97 13.42 13.80 14.10 14.34 14.51 14.63 14.64 14.61 14.51 14.34 14.10 13.80 13.42 12.97 12.44 11.83 11.13 10.34  9.42  8.37  7.11  5.55  3.30  0.60  0.60  0.60  0.60  0.60  0.60  0.60  0.60  0.60  0.60  0.60  0.60  0.60  0.60  0.60
  0.60  0.60  0.60  0.60  0.60  0.60  0.60  0.60  0.60  0.60  0.60  0.60  0.60  0.60  0.60  0.60  3.18  5.48  7.06  8.32  9.38 10.30 11.10 11.80 12.41 12.94 13.40 13.77 14.08 14.32 14.49 14.61 14.62 14.59 14.49 14.32 14.08 13.77 13.40 12.94 12.41 11.80 11.10 10.30  9.38  8.32  7.06  5.48  3.18  0.60  0.60  0.60  0.60  0.60  0.60  0.60  0.60  0.60  0.60  0.60  0.60  0.60  0.60  0.60
  0.60  0.60  0.60  0.60  0.60  0.60  0.60  0.60  0.60  0.60  0.60  0.60  0.60  0.60  0.60  0.60  3.05  5.41  7.00  8.27  9.34 10.27 11.07 11.77 12.39 12.92 13.37 13.75 14.06 14.30 14.46 14.59 14.60 14.57 14.46 14.30 14.06 13.75 13.37 12.92 12.39 11.77 11.07 10.27  9.34  8.27  7.00  5.41  3.05  0.60  0.60  0.60  0.60  0.60  0.60  0.60  0.60  0.60  0.60  0.60  0.60  0.60  0.60  0.60
  0.60  0.60  0.60  0.60  0.60  0.60  0.60  0.60  0.60  0.60  0.60  0.60  0.60  0.60  0.60  0.60  2.91  5.34  6.95  8.23  9.30 10.23 11.04 11.74 12.36 12.89 13.35 13.73 14.03 14.27 14.44 14.57 14.58 14.54 14.44 14.27 14.03 13.73 13.35 12.89 12.36 11.74 11.04 10.23  9.30  8.23  6.95  5.34  2.91  0.60  0.60  0.60  0.60  0.60  0.60  0.60  0.60  0.60  0.60  0.60  0.60  0.60  0.60  0.60
  0.60  0.60  0.60  0.60  0.60  0.60  0.60  0.60  0.60  0.60  0.60  0.60  0.60  0.60  0.60  0.60  2.77  5.26  6.89  8.18  9.26 10.19 11.00 11.71 12.33 12.86 13.32 13.70 14.01 14.25 14.42 14.54 14.55 14.52 14.42 14.25 14.01 13.70 13.32 12.86 12.33 11.71 11.00 10.19  9.26  8.18  6.89  5.26  2.77  0.60  0.60  0.60  0.60  0.60  0.60  0.60  0.60  0.60  0.60  0.60  0.60  0.60  0.60  0.60
  0.60  0.60  0.60  0.60  0.60  0.60  0.60  0.60  0.60  0.60  0.60  0.60  0.60  0.60  0.60  0.60  2.62  5.18  6.83  8.13  9.22 10.16 10.97 11.68 12.30 12.84 13.29 13.68 13.99 14.23 14.40 14.52 14.53 14.50 14.40 14.23 13.99 13.68 13.29 12.84 12.30 11.68 10.97 10.16  9.22  8.13  6.84  5.19  2.62  0.60  0.60  0.60  0.60  0.60  0.60  0.60  0.60  0.60  0.60  0.60  0.60  0.60  0.60  0.60
  0.60  0.60  0.60  0.60  0.60  0.60  0.60  0.60  0.60  0.60  0.60  0.60  0.60  0.60  0.60  0.60  2.46  5.11  6.78  8.09  9.18 10.12 10.94 11.65 12.27 12.81 13.27 13.65 13.96 14.20 14.37 14.49 14.51 14.47 14.37 14.20 13.96 13.65 13.27 12.81 12.27 11.65 10.94 10.12  9.18  8.09  6.78  5.11  2.46  0.60  0.60  0.60  0.60  0.60  0.60  0.60  0.60  0.60  0.60  0.60  0.60  0.60  0.60  0.60
  0.60  0.60  0.60  0.60  0.60  0.60  0.60  0.60  0.60  0.60  0.60  0.60  0.60  0.60  0.60  0.60  2.29  5.03  6.72  8.04  9.14 10.08 10.90 11.62 12.24 12.78 13.24 13.62 13.94 14.18 14.35 14.47 14.48 14.45 14.35 14.18 13.94 13.62 13.24 12.78 12.24 11.62 10.90 10.08  9.14  8.04  6.72  5.03  2.29  0.60  0.60  0.60  0.60  0.60  0.60  0.60  0.60  0.60  0.60  0.60  0.60  0.60  0.60  0.60
  0.60  0.60  0.60  0.60  0.60  0.60  0.60  0.60  0.60  0.60  0.60  0.60  0.60  0.60  0.60  0.60  2.10  4.95  6.66  7.99  9.10 10.04 10.87 11.59 12.21 12.75 13.21 13.60 13.91 14.15 14.32 14.44 14.46 14.42 14.32 14.15 13.91 13.60 13.21 12.75 12.21 11.59 10.87 10.04  9.10  7.99  6.66  4.95  2.10  0.60  0.60  0.60  0.60  0.60  0.60  0.60  0.60  0.60  0.60  0.60  0.60  0.60  0.60  0.60
  0.60  0.60  0.60  0.60  0.60  0.60  0.60  0.60  0.60  0.60  0.60  0.60  0.60  0.60  0.60  0.60  1.90  4.87  6.60  7.94  9.05 10.00 10.83 11.55 12.18 12.72 13.18 13.57 13.88 14.12 14.30 14.42 14.43 14.40 14.30 14.12 13.88 13.57 13.18 12.72 12.18 11.55 10.83 10.00  9.05  7.94  6.60  4.87  1.90  0.60  0.60  0.60  0.60  0.60  0.60  0.60  0.60  0.60  0.60  0.60  0.60  0.60  0.60  0.60
  0.60  0.60  0.60  0.60  0.60  0.60  0.60  0.60  0.60  0.60  0.60  0.60  0.60  0.60  0.60  0.60  1.67  4.78  6.54  7.89  9.01  9.97 10.80 11.52 12.15 12.69 13.15 13.54 13.85 14.10 14.27 14.39 14.41 14.37 14.27 14.10 13.85 13.54 13.15 12.69 12.15 11.52 10.80  9.97  9.01  7.89  6.54  4.78  1.67  0.60  0.60  0.60  0.60  0.60  0.60  0.60  0.60  0.60  0.60  0.60  0.60  0.60  0.60  0.60
  0.60  0.60  0.60  0.60  0.60  0.60  0.60  0.60  0.60  0.60  0.60  0.60  0.60  0.60  0.60  0.60  1.41  4.70  6.48  7.84  8.96  9.93 10.76 11.48 12.12 12.66 13.12 13.51 13.83 14.07 14.24 14.36 14.38 14.34 14.24 14.07 13.83 13.51 13.12 12.66 12.12 11.48 10.76  9.93  8.96  7.84  6.48  4.70  1.41  0.60  0.60  0.60  0.60  0.60  0.60  0.60  0.60  0.60  0.60  0.60  0.60  0.60  0.60  0.60
  0.60  0.60  0.60  0.60  0.60  0.60  0.60  0.60  0.60  0.60  0.60  0.60  0.60  0.60  0.60  0.60  1.08  4.61  6.41  7.79  8.92  9.89 10.72 11.45 12.08 12.63 13.09 13.48 13.80 14.04 14.21 14.34 14.35 14.32 14.21 14.04 13.80 13.48 13.09 12.63 12.08 11.45 10.72  9.89  8.92  7.79  6.41  4.61  1.08  0.60  0.60  0.60  0.60  0.60  0.60  0.60  0.60  0.60  0.60  0.60  0.60  0.60  0.60  0.60
  0.00  0.00  0.00  0.00  0.00  0.00  0.00  0.00  0.00  0.00  0.00  0.00  0.00  0.00  0.00  0.00  0.00  4.48  6.32  7.71  8.85  9.83 10.67 11.40 12.03 12.58 13.05 13.44 13.76 14.00 14.17 14.28 14.31 14.28 14.17 14.00 13.76 13.44 13.05 12.58 12.03 11.40 10.67  9.83  8.85  7.71  6.32  4.48  0.00  0.00  0.00  0.00  0.00  0.00  0.00  0.00  0.00  0.00  0.00  0.00  0.00  0.00  0.00  0.00
