  5.69  5.69  5.69  5.69  5.69  5.69  5.69  5.69  5.69  5.69  5.69  5.69  5.69  5.69  5.69  5.69  5.69  5.69  5.69  5.69  5.69  5.69  5.69  5.69  5.69  5.69  5.69  5.69  5.69  5.69  5.69  5.69  5.69  5.69  5.69  5.69  5.69  5.69  5.69  5.69  5.69  5.69  5.69  5.69  5.69  5.69  5.69  5.69  5.69  5.69  5.69  5.69  5.69  5.69  5.69  5.69  5.69  5.69  5.69  5.69  5.69  5.69  5.69  5.69
  5.64  5.64  5.64  5.64  5.64  5.65  5.65  5.65  5.66  5.66  5.66  5.67  5.67  5.68  5.68  5.69  5.69  5.70  5.70  5.71  5.71  5.72  5.72  5.73  5.73  5.74  5.74  5.74  5.74  5.75  5.75  5.75  5.75  5.75  5.75  5.75  5.74  5.74  5.74  5.74  5.73  5.73  5.72  5.72  5.71  5.71  5.70  5.70  5.69  5.69  5.68  5.68  5.67  5.67  5.66  5.66  5.66  5.65  5.65  5.65  5.64  5.64  5.64  5.64
  5.58  5.59  5.59  5.59  5.59  5.60  5.60  5.61  5.62  5.62  5.63  5.64  5.65  5.66  5.67  5.68  5.69  5.70  5.71  5.73  5.74  5.74  5.75  5.76  5.77  5.78  5.78  5.79  5.79  5.80  5.80  5.80  5.80  5.80  5.80  5.80  5.79  5.79  5.78  5.78  5.77  5.76  5.75  5.74  5.74  5.73  5.71  5.70  5.69  5.68  5.67  5.66  5.65  5.64  5.63  5.62  5.62  5.61  5.60  5.60  5.59  5.59  5.59  5.59
  5.53  5.53  5.53  5.54  5.54  5.55  5.56  5.57  5.58  5.59  5.60  5.62  5.63  5.65  5.66  5.68  5.69  5.71  5.72  5.74  5.76  5.77  5.78  5.80  5.81  5.82  5.83  5.83  5.84  5.85  5.85  5.85  5.85  5.85  5.85  5.85  5.84  5.83  5.83  5.82  5.81  5.80  5.78  5.77  5.76  5.74  5.72  5.71  5.69  5.68  5.66  5.65  5.63  5.62  5.60  5.59  5.58  5.57  5.56  5.55  5.54  5.54  5.53  5.53
  5.47  5.47  5.48  5.48  5.49  5.50  5.51  5.52  5.54  5.55  5.57  5.59  5.61  5.63  5.65  5.67  5.69  5.71  5.73  5.75  5.77  5.79  5.81  5.83  5.84  5.86  5.87  5.88  5.89  5.90  5.90  5.90  5.90  5.90  5.90  5.90  5.89  5.88  5.87  5.86  5.84  5.83  5.81  5.79  5.77  5.75  5.73  5.71  5.69  5.67  5.65  5.63  5.61  5.59  5.57  5.55  5.54  5.52  5.51  5.50  5.49  5.48  5.48  5.47
  5.41  5.42  5.42  5.43  5.44  5.45  5.46  5.48  5.50  5.52  5.54  5.56  5.59  5.61  5.64  5.67  5.69  5.72  5.74  5.77  5.79  5.82  5.84  5.86  5.88  5.90  5.91  5.93  5.94  5.94  5.95  5.95  5.96  5.95  5.95  5.94  5.94  5.93  5.91  5.90  5.88  5.86  5.84  5.82  5.79  5.77  5.74  5.72  5.69  5.67  5.64  5.61  5.59  5.56  5.54  5.52  5.50  5.48  5.46  5.45  5.44  5.43  5.42  5.42
  5.36  5.36  5.36  5.37  5.38  5.40  5.41  5.43  5.46  5.48  5.51  5.54  5.57  5.60  5.63  5.66  5.69  5.72  5.75  5.78  5.81  5.84  5.87  5.89  5.92  5.94  5.95  5.97  5.98  5.99  6.00  6.00  6.01  6.00  6.00  5.99  5.98  5.97  5.95  5.94  5.92  5.89  5.87  5.84  5.81  5.78  5.75  5.72  5.69  5.66  5.63  5.60  5.57  5.54  5.51  5.48  5.46  5.43  5.41  5.40  5.38  5.37  5.36  5.36
  5.30  5.30  5.31  5.31  5.33  5.35  5.37  5.39  5.42  5.44  5.47  5.51  5.54  5.58  5.61  5.65  5.69  5.73  5.76  5.80  5.83  5.86  5.90  5.92  5.95  5.97  6.00  6.01  6.03  6.04  6.05  6.05  6.06  6.05  6.05  6.04  6.03  6.01  6.00  5.97  5.95  5.92  5.90  5.86  5.83  5.80  5.76  5.73  5.69  5.65  5.61  5.58  5.54  5.51  5.47  5.44  5.42  5.39  5.37  5.35  5.33  5.31  5.31  5.30
  5.24  5.24  5.25  5.26  5.27  5.29  5.32  5.34  5.37  5.41  5.44  5.48  5.52  5.56  5.60  5.64  5.69  5.73  5.77  5.81  5.85  5.89  5.92  5.96  5.99  6.01  6.04  6.06  6.07  6.09  6.10  6.10  6.10  6.10  6.10  6.09  6.07  6.06  6.04  6.01  5.99  5.96  5.92  5.89  5.85  5.81  5.77  5.73  5.69  5.64  5.60  5.56  5.52  5.48  5.44  5.41  5.37  5.34  5.32  5.29  5.27  5.26  5.25  5.24
  5.18  5.18  5.19  5.20  5.22  5.24  5.27  5.30  5.33  5.37  5.41  5.45  5.50  5.54  5.59  5.64  5.69  5.73  5.78  5.83  5.87  5.91  5.95  5.99  6.02  6.05  6.08  6.10  6.12  6.13  6.14  6.15  6.15  6.15  6.14  6.13  6.12  6.10  6.08  6.05  6.02  5.99  5.95  5.91  5.87  5.83  5.78  5.73  5.69  5.64  5.59  5.54  5.50  5.45  5.41  5.37  5.33  5.30  5.27  5.24  5.22  5.20  5.19  5.18
  5.11  5.12  5.13  5.14  5.16  5.19  5.21  5.25  5.29  5.33  5.37  5.42  5.47  5.52  5.58  5.63  5.68  5.74  5.79  5.84  5.89  5.93  5.98  6.02  6.05  6.09  6.12  6.14  6.16  6.18  6.19  6.20  6.20  6.20  6.19  6.18  6.16  6.14  6.12  6.09  6.05  6.02  5.98  5.93  5.89  5.84  5.79  5.74  5.68  5.63  5.58  5.52  5.47  5.42  5.37  5.33  5.29  5.25  5.21  5.19  5.16  5.14  5.13  5.12
  5.05  5.06  5.06  5.08  5.10  5.13  5.16  5.20  5.24  5.29  5.34  5.39  5.45  5.51  5.56  5.62  5.68  5.74  5.80  5.85  5.90  5.96  6.00  6.05  6.09  6.12  6.16  6.18  6.21  6.22  6.24  6.25  6.25  6.25  6.24  6.22  6.21  6.18  6.16  6.12  6.09  6.05  6.00  5.96  5.90  5.85  5.80  5.74  5.68  5.62  5.56  5.51  5.45  5.39  5.34  5.29  5.24  5.20  5.16  5.13  5.10  5.08  5.06  5.06
  4.99  4.99  5.00  5.02  5.04  5.07  5.11  5.15  5.20  5.25  5.31  5.36  5.42  5.49  5.55  5.61  5.68  5.74  5.80  5.86  5.92  5.98  6.03  6.08  6.12  6.16  6.19  6.22  6.25  6.27  6.28  6.29  6.29  6.29  6.28  6.27  6.25  6.22  6.19  6.16  6.12  6.08  6.03  5.98  5.92  5.86  5.80  5.74  5.68  5.61  5.55  5.49  5.42  5.36  5.31  5.25  5.20  5.15  5.11  5.07  5.04  5.02  5.00  4.99
  4.92  4.93  4.94  4.96  4.98  5.02  5.06  5.10  5.16  5.21  5.27  5.33  5.40  5.47  5.54  5.61  5.68  5.74  5.81  5.88  5.94  6.00  6.05  6.11  6.15  6.20  6.23  6.27  6.29  6.31  6.33  6.34  6.34  6.34  6.33  6.31  6.29  6.27  6.23  6.20  6.15  6.11  6.05  6.00  5.94  5.88  5.81  5.74  5.68  5.61  5.54  5.47  5.40  5.33  5.27  5.21  5.16  5.10  5.06  5.02  4.98  4.96  4.94  4.93
  4.86  4.86  4.87  4.90  4.92  4.96  5.00  5.05  5.11  5.17  5.24  5.30  5.38  5.45  5.52  5.60  5.67  5.75  5.82  5.89  5.96  6.02  6.08  6.13  6.19  6.23  6.27  6.31  6.33  6.36  6.37  6.38  6.39  6.38  6.37  6.36  6.33  6.31  6.27  6.23  6.19  6.13  6.08  6.02  5.96  5.89  5.82  5.75  5.67  5.60  5.52  5.45  5.38  5.30  5.24  5.17  5.11  5.05  5.00  4.96  4.92  4.90  4.87  4.86
  4.79  4.80  4.81  4.83  4.86  4.90  4.95  5.00  5.06  5.13  5.20  5.27  5.35  5.43  5.51  5.59  5.67  5.75  5.83  5.90  5.97  6.04  6.10  6.16  6.22  6.27  6.31  6.35  6.38  6.40  6.42  6.43  6.43  6.43  6.42  6.40  6.38  6.35  6.31  6.27  6.22  6.16  6.10  6.04  5.97  5.90  5.83  5.75  5.67  5.59  5.51  5.43  5.35  5.27  5.20  5.13  5.06  5.00  4.95  4.90  4.86  4.83  4.81  4.80
  4.72  4.73  4.74  4.77  4.80  4.84  4.89  4.95  5.02  5.09  5.16  5.24  5.33  5.41  5.50  5.58  5.67  5.75  5.83  5.91  5.99  6.06  6.13  6.19  6.25  6.30  6.35  6.38  6.42  6.44  6.46  6.47  6.47  6.47  6.46  6.44  6.42  6.38  6.35  6.30  6.25  6.19  6.13  6.06  5.99  5.91  5.83  5.75  5.67  5.58  5.50  5.41  5.33  5.24  5.16  5.09  5.02  4.95  4.89  4.84  4.80  4.77  4.74  4.73
  4.65  4.66  4.67  4.70  4.74  4.78  4.84  4.90  4.97  5.05  5.13  5.21  5.30  5.39  5.48  5.57  5.66  5.75  5.84  5.92  6.01  6.08  6.15  6.22  6.28  6.33  6.38  6.42  6.46  6.48  6.50  6.51  6.52  6.51  6.50  6.48  6.46  6.42  6.38  6.33  6.28  6.22  6.15  6.08  6.01  5.92  5.84  5.75  5.66  5.57  5.48  5.39  5.30  5.21  5.13  5.05  4.97  4.90  4.84  4.78  4.74  4.70  4.67  4.66
  4.58  4.59  4.61  4.63  4.67  4.72  4.78  4.85  4.92  5.00  5.09  5.18  5.27  5.37  5.47  5.56  5.66  5.75  5.85  5.94  6.02  6.10  6.18  6.25  6.31  6.37  6.42  6.46  6.50  6.53  6.55  6.56  6.56  6.56  6.55  6.53  6.50  6.46  6.42  6.37  6.31  6.25  6.18  6.10  6.02  5.94  5.85  5.75  5.66  5.56  5.47  5.37  5.27  5.18  5.09  5.00  4.92  4.85  4.78  4.72  4.67  4.63  4.61  4.59
  4.51  4.52  4.54  4.57  4.61  4.66  4.72  4.80  4.87  4.96  5.05  5.15  5.25  5.35  5.45  5.55  5.66  5.76  5.85  5.95  6.04  6.12  6.20  6.27  6.34  6.40  6.46  6.50  6.54  6.57  6.59  6.60  6.61  6.60  6.59  6.57  6.54  6.50  6.45  6.40  6.34  6.27  6.20  6.12  6.04  5.95  5.85  5.76  5.66  5.55  5.45  5.35  5.25  5.15  5.05  4.96  4.87  4.80  4.72  4.66  4.61  4.57  4.54  4.52
  4.44  4.44  4.46  4.50  4.54  4.60  4.66  4.74  4.83  4.92  5.01  5.12  5.22  5.33  5.44  5.54  5.65  5.76  5.86  5.96  6.05  6.14  6.22  6.30  6.37  6.44  6.50  6.54  6.58  6.61  6.63  6.65  6.65  6.64  6.63  6.61  6.58  6.54  6.49  6.44  6.37  6.30  6.23  6.15  6.06  5.96  5.86  5.76  5.65  5.54  5.44  5.33  5.22  5.12  5.01  4.92  4.83  4.74  4.66  4.60  4.54  4.50  4.46  4.44
  4.36  4.37  4.39  4.43  4.47  4.53  4.61  4.69  4.78  4.87  4.98  5.08  5.19  5.31  5.42  5.53  5.65  5.76  5.86  5.97  6.07  6.16  6.25  6.33  6.41  6.48  6.54  6.58  6.62  6.65  6.68  6.69  6.70  6.69  6.67  6.65  6.62  6.58  6.53  6.47  6.41  6.34  6.26  6.18  6.09  5.98  5.88  5.76  5.65  5.54  5.43  5.31  5.20  5.09  4.98  4.87  4.78  4.69  4.61  4.53  4.47  4.43  4.39  4.37
  4.29  4.30  4.32  4.35  4.41  4.47  4.54  4.63  4.72  4.83  4.94  5.05  5.17  5.30  5.42  5.53  5.65  5.76  5.87  5.98  6.08  6.18  6.27  6.36  6.44  6.52  6.58  6.63  6.67  6.70  6.73  6.74  6.74  6.74  6.72  6.69  6.66  6.62  6.57  6.51  6.45  6.38  6.30  6.22  6.12  6.02  5.90  5.78  5.66  5.54  5.42  5.30  5.19  5.06  4.94  4.83  4.72  4.63  4.54  4.47  4.41  4.35  4.32  4.30
  4.22  4.22  4.24  4.28  4.34  4.40  4.48  4.57  4.67  4.78  4.90  5.02  5.16  5.29  5.41  5.53  5.65  5.77  5.88  5.99  6.10  6.20  6.29  6.39  6.48  6.56  6.63  6.67  6.71  6.75  6.77  6.79  6.80  6.79  6.77  6.74  6.71  6.66  6.61  6.55  6.49  6.43  6.35  6.28  6.17  6.06  5.93  5.80  5.67  5.55  5.43  5.30  5.18  5.05  4.91  4.79  4.67  4.57  4.48  4.40  4.34  4.28  4.24  4.23
  4.16  4.15  4.17  4.21  4.26  4.34  4.42  4.52  4.62  4.74  4.86  5.00  5.16  5.30  5.43  5.55  5.67  5.78  5.90  6.01  6.12  6.22  6.32  6.42  6.52  6.61  6.67  6.72  6.76  6.80  6.82  6.84  6.85  6.84  6.82  6.79  6.76  6.71  6.67  6.61  6.55  6.49  6.43  6.35  6.25  6.13  5.98  5.84  5.70  5.57  5.45  5.32  5.19  5.05  4.90  4.76  4.63  4.52  4.42  4.34  4.26  4.21  4.17  4.16
  4.11  4.09  4.09  4.13  4.19  4.27  4.36  4.46  4.57  4.69  4.83  5.00  5.17  5.33  5.46  5.58  5.70  5.81  5.93  6.05  6.15  6.25  6.35  6.45  6.56  6.66  6.72  6.77  6.82  6.85  6.88  6.90  6.91  6.90  6.88  6.85  6.81  6.77  6.73  6.67  6.62  6.58  6.53  6.46  6.36  6.23  6.06  5.91  5.75  5.61  5.49  5.36  5.23  5.07  4.90  4.74  4.59  4.46  4.36  4.27  4.19  4.14  4.10  4.10
  4.08  4.04  4.02  4.05  4.12  4.20  4.29  4.40  4.52  4.66  4.82  5.01  5.22  5.39  5.52  5.65  5.75  5.87  5.97  6.09  6.19  6.29  6.39  6.50  6.61  6.70  6.77  6.82  6.87  6.90  6.92  6.94  6.97  6.97  6.94  6.91  6.88  6.84  6.80  6.75  6.71  6.68  6.64  6.59  6.50  6.36  6.18  6.00  5.83  5.68  5.55  5.43  5.29  5.13  4.92  4.74  4.56  4.42  4.30  4.21  4.13  4.08  4.05  4.06
  4.06  4.01  3.96  3.98  4.04  4.13  4.23  4.34  4.47  4.63  4.83  5.06  5.29  5.49  5.63  5.74  5.85  5.96  6.06  6.16  6.24  6.33  6.44  6.55  6.66  6.75  6.82  6.88  6.92  6.95  6.97  6.99  7.02  7.03  7.02  6.99  6.96  6.92  6.88  6.85  6.82  6.79  6.77  6.73  6.65  6.51  6.33  6.13  5.95  5.79  5.65  5.52  5.38  5.20  4.99  4.76  4.56  4.40  4.26  4.15  4.07  4.03  4.00  4.04
  4.07  4.00  3.91  3.91  3.97  4.05  4.16  4.29  4.44  4.62  4.87  5.15  5.41  5.61  5.76  5.88  5.99  6.10  6.19  6.26  6.32  6.40  6.49  6.60  6.71  6.80  6.87  6.93  6.97  6.99  7.01  7.03  7.06  7.09  7.09  7.07  7.04  7.01  6.98  6.95  6.93  6.92  6.92  6.89  6.82  6.68  6.49  6.28  6.08  5.91  5.77  5.63  5.48  5.30  5.08  4.82  4.58  4.39  4.23  4.12  4.03  4.00  3.99  4.05
  4.10  4.01  3.88  3.85  3.90  3.99  4.10  4.25  4.44  4.66  4.96  5.28  5.55  5.76  5.91  6.04  6.16  6.27  6.35  6.40  6.43  6.48  6.56  6.66  6.76  6.85  6.92  6.97  7.01  7.03  7.04  7.06  7.10  7.15  7.17  7.15  7.13  7.10  7.08  7.06  7.05  7.06  7.07  7.06  7.00  6.87  6.67  6.45  6.24  6.06  5.90  5.75  5.60  5.41  5.19  4.92  4.65  4.42  4.23  4.12  4.02  3.99  4.02  4.08
  4.14  4.05  3.89  3.81  3.84  3.93  4.06  4.24  4.47  4.75  5.11  5.44  5.71  5.92  6.08  6.22  6.35  6.46  6.53  6.55  6.55  6.58  6.64  6.72  6.82  6.90  6.97  7.02  7.05  7.06  7.08  7.10  7.14  7.20  7.24  7.24  7.22  7.20  7.18  7.18  7.19  7.21  7.24  7.25  7.20  7.07  6.87  6.64  6.42  6.22  6.05  5.89  5.73  5.54  5.32  5.05  4.77  4.51  4.29  4.15  4.05  4.03  4.07  4.13
  4.20  4.10  3.93  3.80  3.80  3.90  4.03  4.26  4.55  4.92  5.30  5.63  5.90  6.11  6.28  6.42  6.56  6.67  6.72  6.71  6.68  6.68  6.71  6.78  6.87  6.95  7.01  7.06  7.08  7.09  7.11  7.13  7.17  7.24  7.31  7.32  7.32  7.30  7.30  7.30  7.33  7.37  7.42  7.45  7.41  7.29  7.09  6.85  6.61  6.40  6.22  6.05  5.88  5.69  5.47  5.20  4.92  4.64  4.41  4.24  4.14  4.12  4.15  4.20
  4.27  4.17  3.99  3.82  3.79  3.90  4.05  4.35  4.71  5.13  5.52  5.84  6.10  6.31  6.48  6.64  6.78  6.89  6.91  6.87  6.81  6.77  6.79  6.84  6.92  6.99  7.05  7.09  7.11  7.12  7.14  7.16  7.20  7.27  7.36  7.41  7.42  7.41  7.42  7.43  7.48  7.54  7.61  7.65  7.63  7.52  7.32  7.08  6.83  6.60  6.40  6.22  6.04  5.85  5.63  5.38  5.10  4.82  4.57  4.39  4.28  4.24  4.25  4.28
  4.35  4.25  4.07  3.91  3.84  3.95  4.15  4.51  4.95  5.39  5.77  6.07  6.32  6.52  6.70  6.86  7.01  7.10  7.10  7.02  6.93  6.87  6.86  6.90  6.96  7.03  7.09  7.12  7.13  7.15  7.17  7.20  7.23  7.30  7.41  7.49  7.52  7.53  7.54  7.57  7.63  7.71  7.81  7.87  7.87  7.76  7.57  7.32  7.05  6.81  6.59  6.40  6.22  6.03  5.81  5.57  5.30  5.03  4.78  4.58  4.44  4.38  4.37  4.38
  4.45  4.34  4.18  4.02  3.97  4.07  4.35  4.76  5.24  5.68  6.04  6.32  6.54  6.74  6.92  7.09  7.23  7.29  7.26  7.15  7.03  6.94  6.92  6.95  7.00  7.07  7.12  7.15  7.16  7.17  7.20  7.23  7.26  7.33  7.44  7.56  7.61  7.64  7.67  7.72  7.79  7.89  8.01  8.09  8.11  8.02  7.82  7.57  7.29  7.03  6.79  6.59  6.40  6.21  6.01  5.78  5.53  5.26  5.01  4.80  4.64  4.55  4.51  4.49
  4.56  4.46  4.30  4.16  4.13  4.28  4.60  5.06  5.56  6.00  6.33  6.58  6.78  6.96  7.14  7.30  7.43  7.45  7.37  7.23  7.09  7.00  6.97  6.99  7.04  7.10  7.14  7.17  7.18  7.20  7.23  7.26  7.29  7.35  7.47  7.61  7.70  7.75  7.80  7.86  7.95  8.08  8.21  8.32  8.35  8.27  8.09  7.83  7.54  7.26  7.01  6.79  6.59  6.41  6.22  6.01  5.77  5.52  5.27  5.05  4.87  4.74  4.66  4.62
  4.68  4.58  4.44  4.33  4.34  4.53  4.90  5.40  5.91  6.33  6.63  6.84  7.01  7.18  7.34  7.50  7.59  7.56  7.44  7.27  7.12  7.03  7.00  7.02  7.07  7.12  7.16  7.19  7.21  7.23  7.26  7.29  7.32  7.37  7.48  7.65  7.79  7.86  7.93  8.01  8.12  8.26  8.41  8.54  8.59  8.54  8.36  8.10  7.80  7.50  7.24  7.00  6.80  6.62  6.44  6.25  6.04  5.80  5.55  5.32  5.11  4.95  4.84  4.76
  4.82  4.71  4.60  4.52  4.57  4.81  5.24  5.77  6.28  6.67  6.93  7.10  7.24  7.38  7.53  7.65  7.69  7.61  7.44  7.26  7.12  7.04  7.02  7.04  7.09  7.14  7.18  7.21  7.23  7.25  7.28  7.32  7.35  7.40  7.50  7.67  7.85  7.96  8.05  8.15  8.28  8.43  8.60  8.75  8.83  8.80  8.63  8.37  8.06  7.75  7.47  7.22  7.01  6.83  6.67  6.50  6.32  6.10  5.86  5.61  5.38  5.18  5.02  4.91
  4.96  4.86  4.77  4.74  4.84  5.13  5.61  6.17  6.67  7.02  7.22  7.34  7.44  7.56  7.67  7.75  7.73  7.60  7.39  7.21  7.08  7.02  7.02  7.05  7.10  7.16  7.20  7.23  7.25  7.28  7.31  7.35  7.38  7.42  7.50  7.68  7.89  8.05  8.16  8.28  8.42  8.59  8.77  8.94  9.05  9.05  8.90  8.65  8.33  8.01  7.71  7.45  7.23  7.05  6.90  6.76  6.60  6.41  6.18  5.92  5.66  5.42  5.22  5.07
  5.11  5.01  4.95  4.97  5.13  5.48  6.00  6.57  7.05  7.35  7.49  7.56  7.61  7.69  7.76  7.79  7.71  7.52  7.30  7.13  7.03  6.99  7.01  7.05  7.11  7.17  7.21  7.25  7.27  7.31  7.34  7.37  7.40  7.44  7.51  7.68  7.91  8.11  8.25  8.39  8.55  8.72  8.92  9.10  9.24  9.28  9.16  8.92  8.60  8.27  7.95  7.67  7.45  7.28  7.15  7.03  6.90  6.73  6.51  6.25  5.96  5.67  5.42  5.24
  5.27  5.18  5.15  5.21  5.43  5.84  6.40  6.98  7.42  7.65  7.72  7.72  7.73  7.76  7.79  7.76  7.63  7.41  7.19  7.03  6.96  6.96  6.99  7.05  7.12  7.18  7.23  7.26  7.30  7.33  7.37  7.40  7.43  7.46  7.52  7.66  7.90  8.14  8.32  8.48  8.64  8.82  9.01  9.22  9.39  9.47  9.40  9.18  8.87  8.53  8.20  7.91  7.67  7.51  7.40  7.31  7.21  7.06  6.85  6.58  6.26  5.93  5.64  5.41
  5.43  5.35  5.35  5.47  5.75  6.21  6.81  7.37  7.75  7.90  7.89  7.82  7.78  7.77  7.75  7.67  7.50  7.27  7.05  6.92  6.89  6.91  6.97  7.05  7.13  7.19  7.24  7.28  7.32  7.36  7.40  7.43  7.46  7.48  7.53  7.65  7.88  8.13  8.35  8.52  8.69  8.86  9.06  9.28  9.49  9.62  9.61  9.43  9.13  8.78  8.44  8.13  7.90  7.74  7.64  7.58  7.52  7.40  7.20  6.92  6.57  6.20  5.86  5.60
  5.60  5.52  5.56  5.73  6.07  6.59  7.20  7.73  8.02  8.07  7.96  7.84  7.75  7.70  7.65  7.53  7.34  7.11  6.91  6.82  6.81  6.87  6.95  7.04  7.13  7.20  7.26  7.30  7.34  7.39  7.43  7.46  7.49  7.50  7.54  7.64  7.84  8.10  8.34  8.52  8.69  8.85  9.04  9.27  9.52  9.71  9.76  9.63  9.36  9.02  8.67  8.36  8.12  7.96  7.89  7.86  7.82  7.73  7.55  7.26  6.89  6.47  6.09  5.79
  5.77  5.70  5.77  5.99  6.40  6.96  7.56  8.03  8.21  8.13  7.93  7.76  7.64  7.57  7.50  7.36  7.16  6.94  6.77  6.71  6.74  6.83  6.93  7.04  7.13  7.21  7.27  7.32  7.36  7.41  7.45  7.49  7.51  7.53  7.55  7.62  7.80  8.05  8.29  8.48  8.63  8.78  8.97  9.21  9.48  9.72  9.84  9.79  9.56  9.23  8.88  8.56  8.32  8.17  8.12  8.12  8.11  8.05  7.88  7.59  7.20  6.75  6.31  5.97
  5.94  5.88  5.99  6.26  6.71  7.30  7.88  8.23  8.27  8.06  7.80  7.59  7.47  7.39  7.31  7.17  6.97  6.77  6.64  6.61  6.67  6.79  6.91  7.03  7.14  7.23  7.29  7.34  7.39  7.44  7.48  7.52  7.54  7.55  7.56  7.61  7.75  7.97  8.20  8.39  8.53  8.67  8.85  9.09  9.37  9.66  9.85  9.87  9.70  9.40  9.06  8.74  8.50  8.36  8.33  8.35  8.39  8.35  8.20  7.91  7.49  7.01  6.54  6.16
  6.10  6.06  6.19  6.52  7.01  7.60  8.11  8.32  8.19  7.87  7.56  7.35  7.24  7.18  7.10  6.97  6.79  6.61  6.51  6.52  6.61  6.75  6.89  7.03  7.14  7.24  7.30  7.36  7.41  7.47  7.51  7.54  7.57  7.57  7.57  7.60  7.71  7.90  8.10  8.27  8.40  8.52  8.69  8.93  9.22  9.53  9.77  9.86  9.76  9.51  9.18  8.88  8.64  8.51  8.50  8.56  8.62  8.62  8.48  8.20  7.77  7.25  6.75  6.34
  6.26  6.22  6.39  6.75  7.27  7.83  8.23  8.26  7.97  7.56  7.23  7.05  6.97  6.94  6.88  6.76  6.60  6.45  6.39  6.43  6.56  6.71  6.88  7.02  7.15  7.25  7.32  7.38  7.44  7.50  7.54  7.57  7.59  7.59  7.58  7.60  7.67  7.82  7.99  8.14  8.24  8.35  8.52  8.75  9.04  9.34  9.61  9.76  9.72  9.53  9.24  8.95  8.72  8.61  8.61  8.70  8.80  8.82  8.71  8.43  8.00  7.46  6.93  6.51
  6.39  6.37  6.56  6.96  7.48  7.97  8.20  8.05  7.61  7.16  6.85  6.71  6.68  6.69  6.66  6.56  6.42  6.30  6.28  6.36  6.51  6.68  6.86  7.02  7.15  7.26  7.34  7.40  7.47  7.53  7.57  7.60  7.62  7.62  7.60  7.60  7.64  7.74  7.88  8.00  8.08  8.18  8.33  8.55  8.83  9.12  9.39  9.57  9.59  9.45  9.20  8.93  8.72  8.63  8.65  8.77  8.89  8.95  8.87  8.60  8.17  7.63  7.08  6.64
  6.49  6.48  6.70  7.10  7.59  7.97  8.02  7.68  7.15  6.69  6.43  6.36  6.39  6.43  6.43  6.36  6.25  6.17  6.18  6.30  6.47  6.66  6.85  7.02  7.16  7.27  7.35  7.42  7.49  7.56  7.60  7.63  7.64  7.64  7.62  7.60  7.61  7.68  7.77  7.86  7.92  8.00  8.14  8.35  8.61  8.88  9.13  9.31  9.36  9.26  9.05  8.81  8.62  8.54  8.59  8.73  8.89  8.98  8.91  8.67  8.24  7.71  7.17  6.74
  6.54  6.54  6.77  7.17  7.59  7.82  7.68  7.20  6.62  6.19  5.99  5.99  6.08  6.18  6.21  6.17  6.09  6.05  6.10  6.25  6.44  6.64  6.84  7.02  7.17  7.28  7.37  7.44  7.52  7.58  7.63  7.66  7.67  7.66  7.64  7.61  7.59  7.62  7.68  7.73  7.77  7.83  7.96  8.15  8.39  8.63  8.84  9.00  9.05  8.98  8.80  8.58  8.41  8.35  8.42  8.59  8.77  8.88  8.84  8.61  8.21  7.70  7.18  6.76
  6.56  6.57  6.77  7.12  7.45  7.52  7.21  6.62  6.03  5.66  5.55  5.63  5.79  5.93  6.00  5.98  5.94  5.94  6.03  6.22  6.42  6.63  6.83  7.02  7.17  7.29  7.38  7.46  7.55  7.61  7.66  7.69  7.70  7.69  7.66  7.62  7.59  7.58  7.60  7.61  7.63  7.67  7.78  7.96  8.17  8.38  8.54  8.66  8.69  8.61  8.45  8.25  8.10  8.06  8.15  8.33  8.54  8.67  8.64  8.43  8.04  7.57  7.10  6.75
  6.48  6.51  6.70  6.96  7.16  7.07  6.62  5.98  5.42  5.12  5.10  5.27  5.49  5.69  5.79  5.81  5.80  5.84  5.99  6.20  6.41  6.62  6.83  7.02  7.18  7.31  7.40  7.49  7.57  7.64  7.69  7.71  7.72  7.72  7.69  7.64  7.60  7.56  7.53  7.52  7.51  7.53  7.62  7.78  7.96  8.12  8.24  8.30  8.29  8.20  8.03  7.84  7.70  7.68  7.79  7.99  8.20  8.34  8.32  8.11  7.75  7.31  6.92  6.63
  6.28  6.34  6.51  6.69  6.72  6.50  5.96  5.30  4.79  4.59  4.67  4.92  5.21  5.45  5.60  5.65  5.68  5.77  5.96  6.19  6.41  6.62  6.83  7.02  7.19  7.32  7.42  7.51  7.60  7.66  7.71  7.74  7.75  7.74  7.71  7.67  7.61  7.55  7.49  7.44  7.40  7.40  7.47  7.60  7.76  7.88  7.94  7.94  7.88  7.75  7.56  7.37  7.24  7.23  7.35  7.57  7.79  7.93  7.90  7.69  7.33  6.96  6.63  6.39
  5.97  6.04  6.19  6.30  6.20  5.84  5.24  4.60  4.17  4.08  4.27  4.60  4.95  5.23  5.41  5.50  5.57  5.72  5.94  6.18  6.41  6.63  6.83  7.03  7.20  7.33  7.44  7.54  7.62  7.69  7.74  7.77  7.78  7.77  7.74  7.69  7.63  7.56  7.48  7.39  7.32  7.29  7.33  7.44  7.56  7.64  7.65  7.59  7.47  7.29  7.07  6.87  6.74  6.74  6.87  7.09  7.32  7.45  7.41  7.19  6.85  6.51  6.22  6.03
  5.55  5.64  5.75  5.79  5.60  5.10  4.48  3.88  3.57  3.61  3.90  4.29  4.70  5.03  5.24  5.37  5.49  5.69  5.93  6.18  6.42  6.64  6.84  7.03  7.21  7.34  7.46  7.56  7.65  7.72  7.77  7.80  7.81  7.80  7.77  7.72  7.65  7.57  7.48  7.37  7.27  7.20  7.21  7.29  7.38  7.42  7.37  7.25  7.07  6.84  6.59  6.36  6.23  6.22  6.36  6.58  6.81  6.92  6.87  6.62  6.31  5.99  5.72  5.57
  5.05  5.14  5.23  5.21  4.94  4.35  3.69  3.17  3.07  3.24  3.60  4.02  4.47  4.84  5.09  5.25  5.43  5.67  5.93  6.18  6.42  6.64  6.85  7.04  7.22  7.36  7.48  7.58  7.67  7.74  7.79  7.82  7.83  7.82  7.79  7.74  7.67  7.59  7.48  7.37  7.24  7.14  7.11  7.15  7.21  7.21  7.11  6.93  6.69  6.41  6.12  5.87  5.72  5.70  5.83  6.05  6.27  6.37  6.28  6.02  5.73  5.40  5.16  5.04
  4.48  4.57  4.64  4.57  4.24  3.59  2.87  2.56  2.68  2.98  3.39  3.82  4.27  4.66  4.95  5.16  5.39  5.65  5.93  6.19  6.43  6.65  6.86  7.05  7.23  7.37  7.50  7.61  7.70  7.77  7.82  7.85  7.86  7.85  7.82  7.77  7.70  7.61  7.50  7.37  7.24  7.11  7.03  7.03  7.05  7.01  6.86  6.63  6.34  6.01  5.68  5.41  5.23  5.19  5.30  5.51  5.72  5.79  5.67  5.42  5.11  4.79  4.55  4.45
  3.86  3.96  4.00  3.89  3.51  2.83  2.11  2.08  2.38  2.78  3.23  3.67  4.11  4.51  4.83  5.09  5.36  5.64  5.92  6.19  6.44  6.66  6.87  7.06  7.24  7.39  7.52  7.63  7.72  7.79  7.84  7.87  7.89  7.87  7.84  7.79  7.72  7.63  7.52  7.39  7.24  7.09  6.97  6.93  6.91  6.83  6.64  6.36  6.02  5.66  5.30  4.99  4.77  4.70  4.78  4.97  5.15  5.19  5.03  4.81  4.48  4.14  3.90  3.82
  3.22  3.31  3.33  3.18  2.76  2.16  1.53  1.67  2.14  2.63  3.11  3.56  4.00  4.40  4.74  5.04  5.33  5.64  5.92  6.19  6.44  6.67  6.88  7.08  7.25  7.41  7.54  7.65  7.74  7.82  7.87  7.90  7.91  7.90  7.87  7.82  7.74  7.65  7.54  7.40  7.25  7.09  6.94  6.84  6.79  6.67  6.44  6.12  5.75  5.36  5.02  4.68  4.38  4.25  4.28  4.43  4.58  4.59  4.41  4.19  3.83  3.48  3.24  3.17
  2.55  2.64  2.64  2.46  2.11  1.61  1.13  1.32  1.95  2.51  3.01  3.47  3.91  4.32  4.68  5.00  5.32  5.63  5.92  6.19  6.45  6.68  6.90  7.09  7.27  7.42  7.56  7.67  7.77  7.84  7.89  7.93  7.94  7.93  7.89  7.84  7.77  7.67  7.56  7.42  7.27  7.10  6.92  6.78  6.68  6.53  6.27  5.92  5.56  5.17  4.82  4.47  4.11  3.90  3.81  3.90  4.00  3.96  3.81  3.56  3.18  2.81  2.57  2.50
  1.97  2.04  2.04  1.85  1.58  1.19  0.85  0.98  1.79  2.40  2.92  3.40  3.84  4.26  4.63  4.97  5.30  5.62  5.92  6.19  6.45  6.69  6.91  7.11  7.28  7.44  7.58  7.69  7.79  7.86  7.92  7.95  7.96  7.95  7.92  7.86  7.79  7.69  7.58  7.44  7.28  7.11  6.92  6.75  6.60  6.41  6.13  5.79  5.43  5.05  4.70  4.33  3.94  3.64  3.43  3.39  3.43  3.32  3.21  2.93  2.52  2.14  1.98  1.92
  1.49  1.55  1.54  1.38  1.17  0.88  0.67  0.60  1.64  2.30  2.85  3.34  3.79  4.21  4.59  4.95  5.29  5.61  5.91  6.19  6.46  6.70  6.92  7.12  7.30  7.46  7.60  7.72  7.81  7.89  7.94  7.97  7.99  7.97  7.94  7.89  7.81  7.72  7.60  7.46  7.30  7.12  6.92  6.73  6.54  6.33  6.03  5.70  5.35  4.98  4.62  4.23  3.83  3.46  3.14  2.91  2.85  2.66  2.60  2.29  1.95  1.59  1.50  1.45
  1.12  1.16  1.15  1.04  0.87  0.68  0.60  0.60  1.47  2.19  2.77  3.28  3.74  4.16  4.56  4.93  5.28  5.60  5.91  6.20  6.46  6.71  6.93  7.13  7.32  7.48  7.62  7.74  7.83  7.91  7.97  8.00  8.01  8.00  7.97  7.91  7.83  7.74  7.62  7.48  7.32  7.13  6.93  6.72  6.51  6.27  5.97  5.65  5.30  4.94  4.57  4.17  3.75  3.33  2.92  2.54  2.27  2.07  1.99  1.75  1.48  1.19  1.12  1.09
  0.85  0.87  0.86  0.80  0.68  0.60  0.60  0.60  1.29  2.08  2.69  3.22  3.69  4.12  4.53  4.91  5.26  5.60  5.91  6.20  6.46  6.71  6.94  7.15  7.33  7.49  7.64  7.76  7.86  7.93  7.99  8.02  8.03  8.02  7.99  7.93  7.86  7.76  7.64  7.49  7.33  7.15  6.94  6.72  6.49  6.23  5.94  5.61  5.27  4.91  4.53  4.12  3.69  3.23  2.75  2.26  1.78  1.58  1.50  1.33  1.11  0.91  0.85  0.83
  0.68  0.68  0.68  0.66  0.60  0.60  0.60  0.60  1.07  1.96  2.61  3.15  3.64  4.09  4.50  4.89  5.25  5.59  5.90  6.20  6.47  6.72  6.95  7.16  7.35  7.51  7.66  7.78  7.88  7.96  8.01  8.05  8.06  8.05  8.01  7.96  7.88  7.78  7.66  7.51  7.35  7.16  6.95  6.72  6.48  6.21  5.91  5.59  5.25  4.89  4.50  4.09  3.64  3.15  2.63  2.05  1.36  1.21  1.13  1.01  0.84  0.73  0.68  0.67
  0.60  0.60  0.60  0.60  0.60  0.60  0.60  0.60  0.79  1.84  2.52  3.09  3.59  4.05  4.47  4.87  5.23  5.58  5.90  6.20  6.47  6.73  6.96  7.17  7.36  7.53  7.67  7.80  7.90  7.98  8.03  8.07  8.08  8.07  8.03  7.98  7.90  7.80  7.67  7.53  7.36  7.17  6.96  6.73  6.48  6.20  5.90  5.58  5.23  4.87  4.47  4.05  3.59  3.09  2.52  1.87  0.96  0.93  0.88  0.79  0.67  0.63  0.60  0.60
  0.60  0.60  0.60  0.60  0.60  0.60  0.60  0.60  0.60  1.70  2.43  3.03  3.54  4.01  4.45  4.85  5.22  5.57  5.89  6.20  6.48  6.73  6.97  7.18  7.38  7.55  7.69  7.82  7.92  8.00  8.06  8.09  8.10  8.09  8.06  8.00  7.92  7.82  7.69  7.55  7.38  7.18  6.97  6.73  6.48  6.20  5.89  5.57  5.22  4.85  4.45  4.01  3.54  3.03  2.43  1.71  0.69  0.75  0.72  0.66  0.60  0.60  0.60  0.60
  0.60  0.60  0.60  0.60  0.60  0.60  0.60  0.60  0.60  1.55  2.34  2.96  3.49  3.98  4.42  4.83  5.21  5.56  5.89  6.20  6.48  6.74  6.98  7.20  7.39  7.56  7.71  7.84  7.94  8.02  8.08  8.11  8.12  8.11  8.08  8.02  7.94  7.84  7.71  7.56  7.39  7.20  6.98  6.74  6.48  6.20  5.89  5.56  5.21  4.83  4.42  3.98  3.49  2.96  2.34  1.55  0.62  0.64  0.63  0.60  0.60  0.60  0.60  0.60
  0.60  0.60  0.60  0.60  0.60  0.60  0.60  0.60  0.60  1.39  2.25  2.89  3.44  3.94  4.39  4.80  5.19  5.55  5.88  6.20  6.48  6.75  6.99  7.21  7.40  7.58  7.73  7.86  7.96  8.04  8.10  8.13  8.15  8.13  8.10  8.04  7.96  7.86  7.73  7.58  7.40  7.21  6.99  6.75  6.48  6.20  5.89  5.55  5.19  4.80  4.39  3.94  3.44  2.89  2.25  1.39  0.60  0.60  0.60  0.60  0.60  0.60  0.60  0.60
  0.60  0.60  0.60  0.60  0.60  0.60  0.60  0.60  0.60  1.21  2.15  2.82  3.39  3.90  4.36  4.78  5.18  5.54  5.88  6.19  6.49  6.75  7.00  7.22  7.42  7.59  7.74  7.87  7.98  8.06  8.12  8.16  8.17  8.16  8.12  8.06  7.98  7.87  7.74  7.59  7.42  7.22  7.00  6.75  6.49  6.19  5.88  5.54  5.18  4.78  4.36  3.90  3.39  2.82  2.15  1.21  0.60  0.60  0.60  0.60  0.60  0.60  0.60  0.60
  0.60  0.60  0.60  0.60  0.60  0.60  0.60  0.60  0.60  0.99  2.04  2.75  3.34  3.86  4.33  4.76  5.16  5.53  5.87  6.19  6.49  6.76  7.01  7.23  7.43  7.61  7.76  7.89  8.00  8.08  8.14  8.18  8.19  8.18  8.14  8.08  8.00  7.89  7.76  7.61  7.43  7.23  7.01  6.76  6.49  6.19  5.87  5.53  5.16  4.76  4.33  3.86  3.34  2.75  2.04  0.99  0.60  0.60  0.60  0.60  0.60  0.60  0.60  0.60
  0.60  0.60  0.60  0.60  0.60  0.60  0.60  0.60  0.60  0.70  1.93  2.68  3.29  3.82  4.30  4.74  5.14  5.52  5.87  6.19  6.49  6.76  7.01  7.24  7.44  7.62  7.78  7.91  8.02  8.10  8.16  8.20  8.21  8.20  8.16  8.10  8.02  7.91  7.78  7.62  7.44  7.24  7.01  6.76  6.49  6.19  5.87  5.52  5.14  4.74  4.30  3.82  3.29  2.68  1.93  0.71  0.60  0.60  0.60  0.60  0.60  0.60  0.60  0.60
  0.60  0.60  0.60  0.60  0.60  0.60  0.60  0.60  0.60  0.60  1.81  2.60  3.23  3.78  4.27  4.72  5.13  5.51  5.86  6.19  6.49  6.77  7.02  7.25  7.46  7.64  7.79  7.93  8.04  8.12  8.18  8.22  8.23  8.22  8.18  8.12  8.04  7.93  7.79  7.64  7.46  7.25  7.02  6.77  6.49  6.19  5.86  5.51  5.13  4.72  4.27  3.78  3.23  2.60  1.81  0.60  0.60  0.60  0.60  0.60  0.60  0.60  0.60  0.60
  0.60  0.60  0.60  0.60  0.60  0.60  0.60  0.60  0.60  0.60  1.69  2.52  3.18  3.74  4.24  4.69  5.11  5.50  5.86  6.19  6.49  6.78  7.03  7.26  7.47  7.65  7.81  7.94  8.05  8.14  8.20  8.24  8.25  8.24  8.20  8.14  8.05  7.94  7.81  7.65  7.47  7.26  7.03  6.78  6.49  6.19  5.86  5.50  5.11  4.69  4.24  3.74  3.18  2.52  1.69  0.60  0.60  0.60  0.60  0.60  0.60  0.60  0.60  0.60
  0.60  0.60  0.60  0.60  0.60  0.60  0.60  0.60  0.60  0.60  1.55  2.44  3.12  3.70  4.21  4.67  5.10  5.49  5.85  6.19  6.50  6.78  7.04  7.27  7.48  7.67  7.83  7.96  8.07  8.16  8.22  8.26  8.27  8.26  8.22  8.16  8.07  7.96  7.83  7.67  7.48  7.27  7.04  6.78  6.50  6.19  5.85  5.49  5.10  4.67  4.21  3.70  3.12  2.44  1.55  0.60  0.60  0.60  0.60  0.60  0.60  0.60  0.60  0.60
  0.60  0.60  0.60  0.60  0.60  0.60  0.60  0.60  0.60  0.60  1.40  2.36  3.06  3.65  4.17  4.65  5.08  5.48  5.85  6.19  6.50  6.78  7.05  7.28  7.49  7.68  7.84  7.98  8.09  8.18  8.24  8.28  8.29  8.28  8.24  8.18  8.09  7.98  7.84  7.68  7.49  7.28  7.05  6.78  6.50  6.19  5.85  5.48  5.08  4.65  4.17  3.65  3.06  2.36  1.40  0.60  0.60  0.60  0.60  0.60  0.60  0.60  0.60  0.60
  0.60  0.60  0.60  0.60  0.60  0.60  0.60  0.60  0.60  0.60  1.23  2.27  3.00  3.61  4.14  4.62  5.06  5.47  5.84  6.18  6.50  6.79  7.05  7.29  7.50  7.69  7.86  7.99  8.11  8.19  8.26  8.30  8.31  8.30  8.26  8.19  8.11  7.99  7.86  7.69  7.50  7.29  7.05  6.79  6.50  6.18  5.84  5.47  5.06  4.62  4.14  3.61  3.00  2.27  1.23  0.60  0.60  0.60  0.60  0.60  0.60  0.60  0.60  0.60
  0.60  0.60  0.60  0.60  0.60  0.60  0.60  0.60  0.60  0.60  1.04  2.18  2.94  3.57  4.11  4.60  5.05  5.45  5.83  6.18  6.50  6.79  7.06  7.30  7.52  7.71  7.87  8.01  8.12  8.21  8.28  8.31  8.33  8.31  8.28  8.21  8.12  8.01  7.87  7.71  7.52  7.30  7.06  6.79  6.50  6.18  5.83  5.45  5.05  4.60  4.11  3.57  2.94  2.18  1.04  0.60  0.60  0.60  0.60  0.60  0.60  0.60  0.60  0.60
  0.60  0.60  0.60  0.60  0.60  0.60  0.60  0.60  0.60  0.60  0.80  2.09  2.88  3.52  4.08  4.58  5.03  5.44  5.83  6.18  6.50  6.80  7.07  7.31  7.53  7.72  7.88  8.03  8.14  8.23  8.29  8.33  8.35  8.33  8.29  8.23  8.14  8.03  7.88  7.72  7.53  7.31  7.07  6.80  6.50  6.18  5.83  5.44  5.03  4.58  4.08  3.52  2.88  2.09  0.80  0.60  0.60  0.60  0.60  0.60  0.60  0.60  0.60  0.60
  0.60  0.60  0.60  0.60  0.60  0.60  0.60  0.60  0.60  0.60  0.60  1.99  2.82  3.48  4.04  4.55  5.01  5.43  5.82  6.17  6.50  6.80  7.07  7.32  7.54  7.73  7.90  8.04  8.16  8.25  8.31  8.35  8.36  8.35  8.31  8.25  8.16  8.04  7.90  7.73  7.54  7.32  7.07  6.80  6.50  6.17  5.82  5.43  5.01  4.55  4.04  3.48  2.82  1.99  0.60  0.60  0.60  0.60  0.60  0.60  0.60  0.60  0.60  0.60
  0.60  0.60  0.60  0.60  0.60  0.60  0.60  0.60  0.60  0.60  0.60  1.89  2.75  3.43  4.01  4.53  4.99  5.42  5.81  6.17  6.50  6.80  7.08  7.33  7.55  7.74  7.91  8.05  8.17  8.26  8.33  8.37  8.38  8.37  8.33  8.26  8.17  8.06  7.91  7.74  7.55  7.33  7.08  6.80  6.50  6.17  5.81  5.42  4.99  4.53  4.01  3.43  2.75  1.89  0.60  0.60  0.60  0.60  0.60  0.60  0.60  0.60  0.60  0.60
  0.60  0.60  0.60  0.60  0.60  0.60  0.60  0.60  0.60  0.60  0.60  1.78  2.69  3.38  3.98  4.50  4.97  5.41  5.80  6.17  6.50  6.81  7.08  7.33  7.56  7.75  7.93  8.07  8.19  8.28  8.35  8.38  8.40  8.38  8.35  8.28  8.19  8.07  7.93  7.75  7.56  7.33  7.08  6.81  6.50  6.17  5.80  5.41  4.97  4.50  3.98  3.38  2.69  1.78  0.60  0.60  0.60  0.60  0.60  0.60  0.60  0.60  0.60  0.60
  0.60  0.60  0.60  0.60  0.60  0.60  0.60  0.60  0.60  0.60  0.60  1.66  2.62  3.34  3.94  4.48  4.96  5.39  5.79  6.16  6.50  6.81  7.09  7.34  7.57  7.77  7.94  8.08  8.20  8.30  8.36  8.40  8.41  8.40  8.36  8.30  8.20  8.08  7.94  7.77  7.57  7.34  7.09  6.81  6.50  6.16  5.80  5.39  4.96  4.48  3.94  3.34  2.62  1.66  0.60  0.60  0.60  0.60  0.60  0.60  0.60  0.60  0.60  0.60
  0.60  0.60  0.60  0.60  0.60  0.60  0.60  0.60  0.60  0.60  0.60  1.54  2.55  3.29  3.91  4.45  4.94  5.38  5.79  6.16  6.50  6.81  7.09  7.35  7.58  7.78  7.95  8.10  8.22  8.31  8.38  8.42  8.43  8.42  8.38  8.31  8.22  8.10  7.95  7.78  7.58  7.35  7.09  6.81  6.50  6.16  5.79  5.38  4.94  4.45  3.91  3.29  2.55  1.54  0.60  0.60  0.60  0.60  0.60  0.60  0.60  0.60  0.60  0.60
  0.60  0.60  0.60  0.60  0.60  0.60  0.60  0.60  0.60  0.60  0.60  1.40  2.48  3.24  3.87  4.42  4.92  5.37  5.78  6.15  6.50  6.81  7.10  7.36  7.59  7.79  7.96  8.11  8.23  8.33  8.39  8.43  8.45  8.43  8.39  8.33  8.23  8.11  7.96  7.79  7.59  7.36  7.10  6.81  6.50  6.15  5.78  5.37  4.92  4.42  3.87  3.24  2.48  1.40  0.60  0.60  0.60  0.60  0.60  0.60  0.60  0.60  0.60  0.60
  0.60  0.60  0.60  0.60  0.60  0.60  0.60  0.60  0.60  0.60  0.60  1.25  2.40  3.19  3.84  4.40  4.90  5.35  5.77  6.15  6.50  6.82  7.10  7.36  7.59  7.80  7.97  8.12  8.25  8.34  8.41  8.45  8.46  8.45  8.41  8.34  8.25  8.12  7.97  7.80  7.59  7.36  7.10  6.82  6.50  6.15  5.77  5.35  4.90  4.40  3.84  3.19  2.40  1.25  0.60  0.60  0.60  0.60  0.60  0.60  0.60  0.60  0.60  0.60
  0.60  0.60  0.60  0.60  0.60  0.60  0.60  0.60  0.60  0.60  0.60  1.07  2.33  3.14  3.80  4.37  4.88  5.34  5.76  6.15  6.50  6.82  7.11  7.37  7.60  7.81  7.99  8.14  8.26  8.36  8.42  8.46  8.48  8.46  8.42  8.36  8.26  8.14  7.99  7.81  7.60  7.37  7.11  6.82  6.50  6.15  5.76  5.34  4.88  4.37  3.80  3.14  2.33  1.07  0.60  0.60  0.60  0.60  0.60  0.60  0.60  0.60  0.60  0.60
  0.60  0.60  0.60  0.60  0.60  0.60  0.60  0.60  0.60  0.60  0.60  0.86  2.25  3.09  3.76  4.34  4.86  5.33  5.75  6.14  6.50  6.82  7.11  7.38  7.61  7.82  8.00  8.15  8.27  8.37  8.44  8.48  8.49  8.48  8.44  8.37  8.27  8.15  8.00  7.82  7.61  7.38  7.11  6.82  6.50  6.14  5.75  5.33  4.86  4.34  3.76  3.09  2.25  0.86  0.60  0.60  0.60  0.60  0.60  0.60  0.60  0.60  0.60  0.60
  0.60  0.60  0.60  0.60  0.60  0.60  0.60  0.60  0.60  0.60  0.60  0.60  2.16  3.04  3.72  4.32  4.84  5.31  5.74  6.14  6.49  6.82  7.12  7.38  7.62  7.83  8.01  8.16  8.29  8.38  8.45  8.49  8.51  8.49  8.45  8.38  8.29  8.16  8.01  7.83  7.62  7.38  7.12  6.82  6.49  6.14  5.74  5.31  4.84  4.32  3.72  3.04  2.17  0.60  0.60  0.60  0.60  0.60  0.60  0.60  0.60  0.60  0.60  0.60
  0.60  0.60  0.60  0.60  0.60  0.60  0.60  0.60  0.60  0.60  0.60  0.60  2.08  2.98  3.69  4.29  4.82  5.30  5.73  6.13  6.49  6.82  7.12  7.39  7.63  7.84  8.02  8.17  8.30  8.40  8.47  8.51  8.52  8.51  8.47  8.40  8.30  8.17  8.02  7.84  7.63  7.39  7.12  6.82  6.49  6.13  5.73  5.30  4.82  4.29  3.69  2.98  2.08  0.60  0.60  0.60  0.60  0.60  0.60  0.60  0.60  0.60  0.60  0.60
  0.60  0.60  0.60  0.60  0.60  0.60  0.60  0.60  0.60  0.60  0.60  0.60  1.99  2.93  3.65  4.26  4.80  5.28  5.72  6.12  6.49  6.82  7.12  7.39  7.63  7.85  8.03  8.18  8.31  8.41  8.48  8.52  8.54  8.52  8.48  8.41  8.31  8.18  8.03  7.85  7.63  7.39  7.12  6.82  6.49  6.12  5.72  5.28  4.80  4.26  3.65  2.93  1.99  0.60  0.60  0.60  0.60  0.60  0.60  0.60  0.60  0.60  0.60  0.60
  0.60  0.60  0.60  0.60  0.60  0.60  0.60  0.60  0.60  0.60  0.60  0.60  1.90  2.87  3.61  4.23  4.78  5.27  5.71  6.12  6.49  6.82  7.13  7.40  7.64  7.85  8.04  8.20  8.32  8.42  8.49  8.54  8.55  8.54  8.49  8.42  8.32  8.20  8.04  7.85  7.64  7.40  7.13  6.82  6.49  6.12  5.71  5.27  4.78  4.23  3.61  2.87  1.90  0.60  0.60  0.60  0.60  0.60  0.60  0.60  0.60  0.60  0.60  0.60
  0.60  0.60  0.60  0.60  0.60  0.60  0.60  0.60  0.60  0.60  0.60  0.60  1.80  2.81  3.57  4.20  4.76  5.25  5.70  6.11  6.48  6.82  7.13  7.40  7.65  7.86  8.05  8.21  8.34  8.44  8.51  8.55  8.56  8.55  8.51  8.44  8.34  8.21  8.05  7.86  7.65  7.40  7.13  6.82  6.48  6.11  5.70  5.25  4.76  4.20  3.57  2.81  1.80  0.60  0.60  0.60  0.60  0.60  0.60  0.60  0.60  0.60  0.60  0.60
  0.60  0.60  0.60  0.60  0.60  0.60  0.60  0.60  0.60  0.60  0.60  0.60  1.69  2.75  3.53  4.17  4.74  5.24  5.69  6.11  6.48  6.82  7.13  7.41  7.65  7.87  8.06  8.22  8.35  8.45  8.52  8.56  8.58  8.56  8.52  8.45  8.35  8.22  8.06  7.87  7.65  7.41  7.13  6.82  6.48  6.11  5.69  5.24  4.74  4.17  3.53  2.75  1.69  0.60  0.60  0.60  0.60  0.60  0.60  0.60  0.60  0.60  0.60  0.60
  0.60  0.60  0.60  0.60  0.60  0.60  0.60  0.60  0.60  0.60  0.60  0.60  1.58  2.70  3.49  4.14  4.71  5.22  5.68  6.10  6.48  6.82  7.13  7.41  7.66  7.88  8.07  8.23  8.36  8.46  8.53  8.58  8.59  8.58  8.53  8.46  8.36  8.23  8.07  7.88  7.66  7.41  7.13  6.82  6.48  6.10  5.68  5.22  4.71  4.14  3.49  2.70  1.58  0.60  0.60  0.60  0.60  0.60  0.60  0.60  0.60  0.60  0.60  0.60
  0.60  0.60  0.60  0.60  0.60  0.60  0.60  0.60  0.60  0.60  0.60  0.60  1.46  2.63  3.45  4.11  4.69  5.21  5.67  6.09  6.47  6.82  7.13  7.42  7.67  7.89  8.08  8.24  8.37  8.47  8.54  8.59  8.60  8.59  8.54  8.47  8.37  8.24  8.08  7.89  7.67  7.42  7.13  6.82  6.47  6.09  5.67  5.21  4.69  4.11  3.45  2.63  1.46  0.60  0.60  0.60  0.60  0.60  0.60  0.60  0.60  0.60  0.60  0.60
  0.60  0.60  0.60  0.60  0.60  0.60  0.60  0.60  0.60  0.60  0.60  0.60  1.33  2.57  3.41  4.08  4.67  5.19  5.66  6.08  6.47  6.82  7.14  7.42  7.67  7.89  8.09  8.25  8.38  8.48  8.56  8.60  8.61  8.60  8.56  8.48  8.38  8.25  8.09  7.89  7.67  7.42  7.14  6.82  6.47  6.08  5.66  5.19  4.67  4.08  3.41  2.57  1.33  0.60  0.60  0.60  0.60  0.60  0.60  0.60  0.60  0.60  0.60  0.60
  0.60  0.60  0.60  0.60  0.60  0.60  0.60  0.60  0.60  0.60  0.60  0.60  1.18  2.51  3.36  4.05  4.65  5.18  5.65  6.08  6.47  6.82  7.14  7.42  7.68  7.90  8.09  8.26  8.39  8.49  8.57  8.61  8.63  8.61  8.57  8.49  8.39  8.26  8.09  7.90  7.68  7.42  7.14  6.82  6.47  6.08  5.65  5.18  4.65  4.05  3.36  2.51  1.18  0.60  0.60  0.60  0.60  0.60  0.60  0.60  0.60  0.60  0.60  0.60
  0.60  0.60  0.60  0.60  0.60  0.60  0.60  0.60  0.60  0.60  0.60  0.60  1.02  2.44  3.32  4.02  4.63  5.16  5.64  6.07  6.46  6.82  7.14  7.43  7.68  7.91  8.10  8.27  8.40  8.50  8.58  8.62  8.64  8.62  8.58  8.50  8.40  8.27  8.10  7.91  7.68  7.43  7.14  6.82  6.46  6.07  5.64  5.16  4.63  4.02  3.32  2.44  1.02  0.60  0.60  0.60  0.60  0.60  0.60  0.60  0.60  0.60  0.60  0.60
  0.60  0.60  0.60  0.60  0.60  0.60  0.60  0.60  0.60  0.60  0.60  0.60  0.82  2.37  3.28  3.99  4.60  5.14  5.63  6.06  6.46  6.82  7.14  7.43  7.69  7.91  8.11  8.27  8.41  8.51  8.59  8.63  8.65  8.63  8.59  8.51  8.41  8.27  8.11  7.91  7.69  7.43  7.14  6.82  6.46  6.06  5.63  5.14  4.60  3.99  3.28  2.37  0.82  0.60  0.60  0.60  0.60  0.60  0.60  0.60  0.60  0.60  0.60  0.60
  0.60  0.60  0.60  0.60  0.60  0.60  0.60  0.60  0.60  0.60  0.60  0.60  0.60  2.30  3.23  3.96  4.58  5.12  5.61  6.05  6.45  6.81  7.14  7.43  7.69  7.92  8.12  8.28  8.42  8.52  8.60  8.64  8.66  8.64  8.60  8.52  8.42  8.28  8.12  7.92  7.69  7.43  7.14  6.81  6.45  6.05  5.61  5.12  4.58  3.96  3.23  2.30  0.60  0.60  0.60  0.60  0.60  0.60  0.60  0.60  0.60  0.60  0.60  0.60
  0.60  0.60  0.60  0.60  0.60  0.60  0.60  0.60  0.60  0.60  0.60  0.60  0.60  2.23  3.19  3.93  4.56  5.11  5.60  6.05  6.45  6.81  7.14  7.43  7.70  7.92  8.12  8.29  8.43  8.53  8.61  8.65  8.67  8.65  8.61  8.53  8.43  8.29  8.12  7.92  7.70  7.43  7.14  6.81  6.45  6.05  5.60  5.11  4.56  3.93  3.19  2.23  0.60  0.60  0.60  0.60  0.60  0.60  0.60  0.60  0.60  0.60  0.60  0.60
  0.60  0.60  0.60  0.60  0.60  0.60  0.60  0.60  0.60  0.60  0.60  0.60  0.60  2.15  3.14  3.89  4.53  5.09  5.59  6.04  6.44  6.81  7.14  7.44  7.70  7.93  8.13  8.30  8.44  8.54  8.62  8.66  8.68  8.66  8.62  8.54  8.44  8.30  8.13  7.93  7.70  7.44  7.14  6.81  6.44  6.04  5.59  5.09  4.53  3.89  3.14  2.15  0.60  0.60  0.60  0.60  0.60  0.60  0.60  0.60  0.60  0.60  0.60  0.60
  0.60  0.60  0.60  0.60  0.60  0.60  0.60  0.60  0.60  0.60  0.60  0.60  0.60  2.08  3.09  3.86  4.51  5.07  5.58  6.03  6.44  6.81  7.14  7.44  7.70  7.94  8.14  8.30  8.44  8.55  8.63  8.67  8.69  8.67  8.63  8.55  8.44  8.30  8.14  7.94  7.70  7.44  7.14  6.81  6.44  6.03  5.58  5.07  4.51  3.86  3.09  2.08  0.60  0.60  0.60  0.60  0.60  0.60  0.60  0.60  0.60  0.60  0.60  0.60
  0.60  0.60  0.60  0.60  0.60  0.60  0.60  0.60  0.60  0.60  0.60  0.60  0.60  1.99  3.04  3.83  4.48  5.05  5.56  6.02  6.43  6.80  7.14  7.44  7.71  7.94  8.14  8.31  8.45  8.56  8.64  8.68  8.70  8.68  8.64  8.56  8.45  8.31  8.14  7.94  7.71  7.44  7.14  6.80  6.43  6.02  5.56  5.05  4.48  3.83  3.04  1.99  0.60  0.60  0.60  0.60  0.60  0.60  0.60  0.60  0.60  0.60  0.60  0.60
  0.60  0.60  0.60  0.60  0.60  0.60  0.60  0.60  0.60  0.60  0.60  0.60  0.60  1.91  2.99  3.79  4.46  5.04  5.55  6.01  6.43  6.80  7.14  7.44  7.71  7.94  8.15  8.32  8.46  8.57  8.64  8.69  8.71  8.69  8.64  8.57  8.46  8.32  8.15  7.94  7.71  7.44  7.14  6.80  6.43  6.01  5.55  5.04  4.46  3.79  3.00  1.91  0.60  0.60  0.60  0.60  0.60  0.60  0.60  0.60  0.60  0.60  0.60  0.60
  0.60  0.60  0.60  0.60  0.60  0.60  0.60  0.60  0.60  0.60  0.60  0.60  0.60  1.82  2.95  3.76  4.43  5.02  5.54  6.00  6.42  6.80  7.14  7.44  7.71  7.95  8.15  8.32  8.47  8.57  8.65  8.70  8.72  8.70  8.65  8.57  8.47  8.32  8.15  7.95  7.71  7.44  7.14  6.80  6.42  6.00  5.54  5.02  4.43  3.76  2.95  1.82  0.60  0.60  0.60  0.60  0.60  0.60  0.60  0.60  0.60  0.60  0.60  0.60
  0.60  0.60  0.60  0.60  0.60  0.60  0.60  0.60  0.60  0.60  0.60  0.60  0.60  1.73  2.89  3.73  4.41  5.00  5.52  5.99  6.41  6.79  7.14  7.44  7.71  7.95  8.16  8.33  8.47  8.58  8.66  8.71  8.72  8.71  8.66  8.58  8.47  8.33  8.16  7.95  7.71  7.44  7.14  6.79  6.41  5.99  5.52  5.00  4.41  3.73  2.89  1.73  0.60  0.60  0.60  0.60  0.60  0.60  0.60  0.60  0.60  0.60  0.60  0.60
  0.60  0.60  0.60  0.60  0.60  0.60  0.60  0.60  0.60  0.60  0.60  0.60  0.60  1.63  2.84  3.69  4.38  4.98  5.51  5.98  6.41  6.79  7.13  7.44  7.72  7.96  8.16  8.34  8.48  8.59  8.67  8.72  8.73  8.72  8.67  8.59  8.48  8.34  8.16  7.96  7.72  7.44  7.13  6.79  6.41  5.98  5.51  4.98  4.38  3.69  2.84  1.63  0.60  0.60  0.60  0.60  0.60  0.60  0.60  0.60  0.60  0.60  0.60  0.60
  0.60  0.60  0.60  0.60  0.60  0.60  0.60  0.60  0.60  0.60  0.60  0.60  0.60  1.52  2.79  3.65  4.36  4.96  5.49  5.97  6.40  6.78  7.13  7.44  7.72  7.96  8.17  8.34  8.49  8.60  8.68  8.72  8.74  8.72  8.68  8.60  8.49  8.34  8.17  7.96  7.72  7.44  7.13  6.78  6.40  5.97  5.49  4.96  4.36  3.65  2.79  1.52  0.60  0.60  0.60  0.60  0.60  0.60  0.60  0.60  0.60  0.60  0.60  0.60
  0.60  0.60  0.60  0.60  0.60  0.60  0.60  0.60  0.60  0.60  0.60  0.60  0.60  1.41  2.74  3.62  4.33  4.94  5.48  5.96  6.39  6.78  7.13  7.44  7.72  7.96  8.17  8.35  8.49  8.60  8.68  8.73  8.75  8.73  8.68  8.60  8.49  8.35  8.17  7.96  7.72  7.44  7.13  6.78  6.39  5.96  5.48  4.94  4.33  3.62  2.74  1.41  0.60  0.60  0.60  0.60  0.60  0.60  0.60  0.60  0.60  0.60  0.60  0.60
  0.60  0.60  0.60  0.60  0.60  0.60  0.60  0.60  0.60  0.60  0.60  0.60  0.60  1.29  2.68  3.58  4.30  4.92  5.46  5.95  6.38  6.78  7.13  7.44  7.72  7.96  8.17  8.35  8.50  8.61  8.69  8.74  8.75  8.74  8.69  8.61  8.50  8.35  8.17  7.96  7.72  7.44  7.13  6.78  6.38  5.95  5.46  4.92  4.30  3.58  2.68  1.29  0.60  0.60  0.60  0.60  0.60  0.60  0.60  0.60  0.60  0.60  0.60  0.60
  0.60  0.60  0.60  0.60  0.60  0.60  0.60  0.60  0.60  0.60  0.60  0.60  0.60  1.15  2.62  3.54  4.28  4.90  5.45  5.94  6.38  6.77  7.12  7.44  7.72  7.97  8.18  8.36  8.50  8.61  8.70  8.74  8.76  8.74  8.70  8.61  8.50  8.36  8.18  7.97  7.72  7.44  7.12  6.77  6.38  5.94  5.45  4.90  4.28  3.54  2.62  1.15  0.60  0.60  0.60  0.60  0.60  0.60  0.60  0.60  0.60  0.60  0.60  0.60
  0.60  0.60  0.60  0.60  0.60  0.60  0.60  0.60  0.60  0.60  0.60  0.60  0.60  1.00  2.57  3.51  4.25  4.88  5.43  5.93  6.37  6.77  7.12  7.44  7.72  7.97  8.18  8.36  8.51  8.62  8.70  8.75  8.77  8.75  8.70  8.62  8.51  8.36  8.18  7.97  7.72  7.44  7.12  6.77  6.37  5.93  5.43  4.88  4.25  3.51  2.57  1.00  0.60  0.60  0.60  0.60  0.60  0.60  0.60  0.60  0.60  0.60  0.60  0.60
  0.60  0.60  0.60  0.60  0.60  0.60  0.60  0.60  0.60  0.60  0.60  0.60  0.60  0.81  2.51  3.47  4.22  4.86  5.42  5.91  6.36  6.76  7.12  7.44  7.72  7.97  8.18  8.36  8.51  8.63  8.71  8.76  8.77  8.76  8.71  8.63  8.51  8.36  8.18  7.97  7.72  7.44  7.12  6.76  6.36  5.91  5.42  4.86  4.22  3.47  2.51  0.81  0.60  0.60  0.60  0.60  0.60  0.60  0.60  0.60  0.60  0.60  0.60  0.60
  0.60  0.60  0.60  0.60  0.60  0.60  0.60  0.60  0.60  0.60  0.60  0.60  0.60  0.60  2.45  3.43  4.19  4.84  5.40  5.90  6.35  6.75  7.11  7.44  7.72  7.97  8.19  8.37  8.52  8.63  8.71  8.76  8.78  8.76  8.71  8.63  8.52  8.37  8.19  7.97  7.72  7.44  7.11  6.75  6.35  5.90  5.40  4.84  4.19  3.43  2.45  0.60  0.60  0.60  0.60  0.60  0.60  0.60  0.60  0.60  0.60  0.60  0.60  0.60
  0.60  0.60  0.60  0.60  0.60  0.60  0.60  0.60  0.60  0.60  0.60  0.60  0.60  0.60  2.39  3.39  4.17  4.82  5.39  5.89  6.34  6.75  7.11  7.43  7.72  7.97  8.19  8.37  8.52  8.63  8.72  8.77  8.78  8.77  8.72  8.63  8.52  8.37  8.19  7.97  7.72  7.43  7.11  6.75  6.34  5.89  5.39  4.82  4.17  3.39  2.39  0.60  0.60  0.60  0.60  0.60  0.60  0.60  0.60  0.60  0.60  0.60  0.60  0.60
  0.60  0.60  0.60  0.60  0.60  0.60  0.60  0.60  0.60  0.60  0.60  0.60  0.60  0.60  2.32  3.35  4.14  4.80  5.37  5.88  6.33  6.74  7.11  7.43  7.72  7.97  8.19  8.37  8.52  8.64  8.72  8.77  8.79  8.77  8.72  8.64  8.52  8.37  8.19  7.97  7.72  7.43  7.11  6.74  6.33  5.88  5.37  4.80  4.14  3.35  2.32  0.60  0.60  0.60  0.60  0.60  0.60  0.60  0.60  0.60  0.60  0.60  0.60  0.60
  0.60  0.60  0.60  0.60  0.60  0.60  0.60  0.60  0.60  0.60  0.60  0.60  0.60  0.60  2.26  3.31  4.11  4.77  5.35  5.87  6.32  6.73  7.10  7.43  7.72  7.97  8.19  8.38  8.53  8.64  8.73  8.78  8.79  8.78  8.73  8.64  8.53  8.38  8.19  7.97  7.72  7.43  7.10  6.73  6.32  5.87  5.35  4.77  4.11  3.31  2.26  0.60  0.60  0.60  0.60  0.60  0.60  0.60  0.60  0.60  0.60  0.60  0.60  0.60
  0.60  0.60  0.60  0.60  0.60  0.60  0.60  0.60  0.60  0.60  0.60  0.60  0.60  0.60  2.19  3.27  4.08  4.75  5.34  5.85  6.31  6.73  7.10  7.43  7.72  7.97  8.19  8.38  8.53  8.65  8.73  8.78  8.80  8.78  8.73  8.65  8.53  8.38  8.19  7.97  7.72  7.43  7.10  6.73  6.31  5.85  5.34  4.75  4.08  3.27  2.19  0.60  0.60  0.60  0.60  0.60  0.60  0.60  0.60  0.60  0.60  0.60  0.60  0.60
  0.60  0.60  0.60  0.60  0.60  0.60  0.60  0.60  0.60  0.60  0.60  0.60  0.60  0.60  2.12  3.23  4.05  4.73  5.32  5.84  6.31  6.72  7.09  7.42  7.72  7.97  8.19  8.38  8.53  8.65  8.73  8.78  8.80  8.78  8.73  8.65  8.53  8.38  8.19  7.97  7.72  7.42  7.09  6.72  6.31  5.84  5.32  4.73  4.05  3.23  2.12  0.60  0.60  0.60  0.60  0.60  0.60  0.60  0.60  0.60  0.60  0.60  0.60  0.60
  0.60  0.60  0.60  0.60  0.60  0.60  0.60  0.60  0.60  0.60  0.60  0.60  0.60  0.60  2.04  3.18  4.02  4.71  5.30  5.83  6.30  6.71  7.09  7.42  7.72  7.97  8.20  8.38  8.53  8.65  8.74  8.79  8.80  8.79  8.74  8.65  8.53  8.38  8.20  7.97  7.72  7.42  7.09  6.71  6.30  5.83  5.30  4.71  4.02  3.18  2.04  0.60  0.60  0.60  0.60  0.60  0.60  0.60  0.60  0.60  0.60  0.60  0.60  0.60
  0.60  0.60  0.60  0.60  0.60  0.60  0.60  0.60  0.60  0.60  0.60  0.60  0.60  0.60  1.97  3.14  3.99  4.68  5.29  5.81  6.28  6.71  7.08  7.42  7.71  7.97  8.20  8.38  8.54  8.65  8.74  8.79  8.81  8.79  8.74  8.65  8.54  8.38  8.20  7.97  7.71  7.42  7.08  6.71  6.28  5.81  5.29  4.68  3.99  3.14  1.97  0.60  0.60  0.60  0.60  0.60  0.60  0.60  0.60  0.60  0.60  0.60  0.60  0.60
  0.60  0.60  0.60  0.60  0.60  0.60  0.60  0.60  0.60  0.60  0.60  0.60  0.60  0.60  1.89  3.10  3.96  4.66  5.27  5.80  6.27  6.70  7.08  7.41  7.71  7.97  8.20  8.38  8.54  8.66  8.74  8.79  8.81  8.79  8.74  8.66  8.54  8.38  8.20  7.97  7.71  7.41  7.08  6.70  6.27  5.80  5.27  4.66  3.96  3.10  1.89  0.60  0.60  0.60  0.60  0.60  0.60  0.60  0.60  0.60  0.60  0.60  0.60  0.60
  0.60  0.60  0.60  0.60  0.60  0.60  0.60  0.60  0.60  0.60  0.60  0.60  0.60  0.60  1.81  3.05  3.93  4.64  5.25  5.79  6.26  6.69  7.07  7.41  7.71  7.97  8.20  8.38  8.54  8.66  8.74  8.80  8.81  8.80  8.74  8.66  8.54  8.38  8.20  7.97  7.71  7.41  7.07  6.69  6.26  5.79  5.25  4.64  3.93  3.05  1.81  0.60  0.60  0.60  0.60  0.60  0.60  0.60  0.60  0.60  0.60  0.60  0.60  0.60
  0.60  0.60  0.60  0.60  0.60  0.60  0.60  0.60  0.60  0.60  0.60  0.60  0.60  0.60  1.72  3.01  3.89  4.61  5.23  5.77  6.25  6.68  7.06  7.40  7.71  7.97  8.19  8.38  8.54  8.66  8.75  8.80  8.81  8.80  8.75  8.66  8.54  8.39  8.19  7.97  7.71  7.40  7.06  6.68  6.25  5.77  5.23  4.61  3.89  3.01  1.72  0.60  0.60  0.60  0.60  0.60  0.60  0.60  0.60  0.60  0.60  0.60  0.60  0.60
  0.60  0.60  0.60  0.60  0.60  0.60  0.60  0.60  0.60  0.60  0.60  0.60  0.60  0.60  1.63  2.96  3.86  4.59  5.21  5.76  6.24  6.67  7.06  7.40  7.70  7.97  8.19  8.38  8.54  8.66  8.75  8.80  8.82  8.80  8.75  8.66  8.54  8.38  8.19  7.97  7.70  7.40  7.06  6.67  6.24  5.76  5.21  4.59  3.86  2.96  1.63  0.60  0.60  0.60  0.60  0.60  0.60  0.60  0.60  0.60  0.60  0.60  0.60  0.60
  0.60  0.60  0.60  0.60  0.60  0.60  0.60  0.60  0.60  0.60  0.60  0.60  0.60  0.60  1.54  2.91  3.83  4.57  5.19  5.74  6.23  6.66  7.05  7.40  7.70  7.96  8.19  8.38  8.54  8.66  8.75  8.80  8.82  8.80  8.75  8.66  8.54  8.38  8.19  7.96  7.70  7.40  7.05  6.66  6.23  5.74  5.19  4.57  3.83  2.91  1.54  0.60  0.60  0.60  0.60  0.60  0.60  0.60  0.60  0.60  0.60  0.60  0.60  0.60
  0.60  0.60  0.60  0.60  0.60  0.60  0.60  0.60  0.60  0.60  0.60  0.60  0.60  0.60  1.43  2.86  3.80  4.54  5.17  5.73  6.22  6.65  7.04  7.39  7.70  7.96  8.19  8.38  8.54  8.66  8.75  8.80  8.82  8.80  8.75  8.66  8.54  8.38  8.19  7.96  7.70  7.39  7.04  6.65  6.22  5.73  5.17  4.54  3.80  2.86  1.43  0.60  0.60  0.60  0.60  0.60  0.60  0.60  0.60  0.60  0.60  0.60  0.60  0.60
  0.60  0.60  0.60  0.60  0.60  0.60  0.60  0.60  0.60  0.60  0.60  0.60  0.60  0.60  1.32  2.82  3.76  4.52  5.16  5.71  6.21  6.64  7.04  7.38  7.69  7.96  8.19  8.38  8.54  8.66  8.75  8.80  8.82  8.80  8.75  8.66  8.54  8.38  8.19  7.96  7.69  7.38  7.04  6.65  6.21  5.71  5.16  4.52  3.76  2.82  1.32  0.60  0.60  0.60  0.60  0.60  0.60  0.60  0.60  0.60  0.60  0.60  0.60  0.60
  0.60  0.60  0.60  0.60  0.60  0.60  0.60  0.60  0.60  0.60  0.60  0.60  0.60  0.60  1.20  2.77  3.73  4.49  5.14  5.70  6.19  6.64  7.03  7.38  7.69  7.96  8.19  8.38  8.54  8.66  8.75  8.80  8.82  8.80  8.75  8.66  8.54  8.38  8.19  7.96  7.69  7.38  7.03  6.64  6.19  5.70  5.14  4.49  3.73  2.77  1.20  0.60  0.60  0.60  0.60  0.60  0.60  0.60  0.60  0.60  0.60  0.60  0.60  0.60
  0.60  0.60  0.60  0.60  0.60  0.60  0.60  0.60  0.60  0.60  0.60  0.60  0.60  0.60  1.07  2.71  3.70  4.47  5.12  5.68  6.18  6.63  7.02  7.37  7.68  7.95  8.18  8.38  8.54  8.66  8.75  8.80  8.82  8.80  8.75  8.66  8.54  8.38  8.18  7.95  7.68  7.37  7.02  6.63  6.18  5.68  5.12  4.47  3.70  2.71  1.07  0.60  0.60  0.60  0.60  0.60  0.60  0.60  0.60  0.60  0.60  0.60  0.60  0.60
  0.60  0.60  0.60  0.60  0.60  0.60  0.60  0.60  0.60  0.60  0.60  0.60  0.60  0.60  0.92  2.66  3.66  4.44  5.10  5.67  6.17  6.61  7.01  7.37  7.68  7.95  8.18  8.38  8.54  8.66  8.75  8.80  8.82  8.80  8.75  8.66  8.54  8.38  8.18  7.95  7.68  7.37  7.01  6.61  6.17  5.67  5.10  4.44  3.66  2.66  0.92  0.60  0.60  0.60  0.60  0.60  0.60  0.60  0.60  0.60  0.60  0.60  0.60  0.60
  0.60  0.60  0.60  0.60  0.60  0.60  0.60  0.60  0.60  0.60  0.60  0.60  0.60  0.60  0.73  2.61  3.63  4.41  5.08  5.65  6.15  6.60  7.00  7.36  7.67  7.94  8.18  8.38  8.54  8.66  8.75  8.80  8.82  8.80  8.75  8.66  8.54  8.38  8.18  7.94  7.67  7.36  7.00  6.60  6.16  5.65  5.08  4.41  3.63  2.61  0.73  0.60  0.60  0.60  0.60  0.60  0.60  0.60  0.60  0.60  0.60  0.60  0.60  0.60
  0.60  0.60  0.60  0.60  0.60  0.60  0.60  0.60  0.60  0.60  0.60  0.60  0.60  0.60  0.60  2.56  3.59  4.39  5.05  5.63  6.14  6.59  7.00  7.35  7.67  7.94  8.18  8.37  8.53  8.66  8.75  8.80  8.82  8.80  8.75  8.66  8.53  8.37  8.18  7.94  7.67  7.35  7.00  6.59  6.14  5.63  5.05  4.39  3.59  2.56  0.60  0.60  0.60  0.60  0.60  0.60  0.60  0.60  0.60  0.60  0.60  0.60  0.60  0.60
  0.60  0.60  0.60  0.60  0.60  0.60  0.60  0.60  0.60  0.60  0.60  0.60  0.60  0.60  0.60  2.50  3.55  4.36  5.03  5.62  6.13  6.58  6.99  7.34  7.66  7.94  8.17  8.37  8.53  8.66  8.75  8.80  8.82  8.80  8.75  8.66  8.53  8.37  8.17  7.94  7.66  7.34  6.99  6.58  6.13  5.62  5.03  4.36  3.55  2.50  0.60  0.60  0.60  0.60  0.60  0.60  0.60  0.60  0.60  0.60  0.60  0.60  0.60  0.60
  0.60  0.60  0.60  0.60  0.60  0.60  0.60  0.60  0.60  0.60  0.60  0.60  0.60  0.60  0.60  2.44  3.52  4.33  5.01  5.60  6.11  6.57  6.98  7.34  7.65  7.93  8.17  8.37  8.53  8.66  8.74  8.80  8.82  8.80  8.74  8.66  8.53  8.37  8.17  7.93  7.65  7.34  6.98  6.57  6.11  5.60  5.01  4.33  3.52  2.44  0.60  0.60  0.60  0.60  0.60  0.60  0.60  0.60  0.60  0.60  0.60  0.60  0.60  0.60
  0.60  0.60  0.60  0.60  0.60  0.60  0.60  0.60  0.60  0.60  0.60  0.60  0.60  0.60  0.60  2.38  3.48  4.31  4.99  5.58  6.10  6.56  6.97  7.33  7.65  7.93  8.16  8.36  8.53  8.65  8.74  8.80  8.81  8.80  8.74  8.65  8.53  8.36  8.16  7.93  7.65  7.33  6.97  6.56  6.10  5.58  4.99  4.31  3.48  2.38  0.60  0.60  0.60  0.60  0.60  0.60  0.60  0.60  0.60  0.60  0.60  0.60  0.60  0.60
  0.60  0.60  0.60  0.60  0.60  0.60  0.60  0.60  0.60  0.60  0.60  0.60  0.60  0.60  0.60  2.32  3.44  4.28  4.97  5.56  6.09  6.55  6.96  7.32  7.64  7.92  8.16  8.36  8.52  8.65  8.74  8.79  8.81  8.79  8.74  8.65  8.52  8.36  8.16  7.92  7.64  7.32  6.96  6.55  6.09  5.56  4.97  4.28  3.44  2.32  0.60  0.60  0.60  0.60  0.60  0.60  0.60  0.60  0.60  0.60  0.60  0.60  0.60  0.60
  0.60  0.60  0.60  0.60  0.60  0.60  0.60  0.60  0.60  0.60  0.60  0.60  0.60  0.60  0.60  2.26  3.40  4.25  4.95  5.55  6.07  6.54  6.95  7.31  7.63  7.91  8.15  8.36  8.52  8.65  8.74  8.79  8.81  8.79  8.74  8.65  8.52  8.36  8.15  7.91  7.63  7.31  6.95  6.54  6.07  5.55  4.95  4.25  3.40  2.26  0.60  0.60  0.60  0.60  0.60  0.60  0.60  0.60  0.60  0.60  0.60  0.60  0.60  0.60
  0.60  0.60  0.60  0.60  0.60  0.60  0.60  0.60  0.60  0.60  0.60  0.60  0.60  0.60  0.60  2.20  3.37  4.22  4.92  5.53  6.06  6.52  6.94  7.30  7.63  7.91  8.15  8.35  8.52  8.64  8.73  8.79  8.81  8.79  8.73  8.64  8.52  8.35  8.15  7.91  7.63  7.30  6.94  6.52  6.06  5.53  4.92  4.22  3.37  2.20  0.60  0.60  0.60  0.60  0.60  0.60  0.60  0.60  0.60  0.60  0.60  0.60  0.60  0.60
  0.60  0.60  0.60  0.60  0.60  0.60  0.60  0.60  0.60  0.60  0.60  0.60  0.60  0.60  0.60  2.13  3.33  4.19  4.90  5.51  6.04  6.51  6.93  7.29  7.62  7.90  8.14  8.35  8.51  8.64  8.73  8.79  8.80  8.79  8.73  8.64  8.51  8.35  8.14  7.90  7.62  7.30  6.93  6.51  6.04  5.51  4.90  4.19  3.33  2.13  0.60  0.60  0.60  0.60  0.60  0.60  0.60  0.60  0.60  0.60  0.60  0.60  0.60  0.60
  0.60  0.60  0.60  0.60  0.60  0.60  0.60  0.60  0.60  0.60  0.60  0.60  0.60  0.60  0.60  2.07  3.29  4.16  4.88  5.49  6.03  6.50  6.92  7.29  7.61  7.89  8.14  8.34  8.51  8.64  8.73  8.78  8.80  8.78  8.73  8.64  8.51  8.34  8.14  7.89  7.61  7.29  6.92  6.50  6.03  5.49  4.88  4.16  3.29  2.07  0.60  0.60  0.60  0.60  0.60  0.60  0.60  0.60  0.60  0.60  0.60  0.60  0.60  0.60
  0.60  0.60  0.60  0.60  0.60  0.60  0.60  0.60  0.60  0.60  0.60  0.60  0.60  0.60  0.60  2.00  3.25  4.13  4.86  5.47  6.01  6.48  6.90  7.28  7.60  7.89  8.13  8.34  8.50  8.63  8.72  8.78  8.80  8.78  8.72  8.63  8.50  8.34  8.13  7.89  7.60  7.28  6.90  6.48  6.01  5.47  4.86  4.13  3.25  2.00  0.60  0.60  0.60  0.60  0.60  0.60  0.60  0.60  0.60  0.60  0.60  0.60  0.60  0.60
  0.60  0.60  0.60  0.60  0.60  0.60  0.60  0.60  0.60  0.60  0.60  0.60  0.60  0.60  0.60  1.92  3.20  4.10  4.83  5.45  5.99  6.47  6.89  7.27  7.59  7.88  8.12  8.33  8.50  8.63  8.72  8.77  8.79  8.77  8.72  8.63  8.50  8.33  8.12  7.88  7.59  7.27  6.89  6.47  5.99  5.45  4.83  4.10  3.20  1.92  0.60  0.60  0.60  0.60  0.60  0.60  0.60  0.60  0.60  0.60  0.60  0.60  0.60  0.60
  0.60  0.60  0.60  0.60  0.60  0.60  0.60  0.60  0.60  0.60  0.60  0.60  0.60  0.60  0.60  1.85  3.16  4.07  4.81  5.43  5.98  6.46  6.88  7.26  7.59  7.87  8.12  8.32  8.49  8.62  8.71  8.77  8.79  8.77  8.71  8.62  8.49  8.32  8.12  7.87  7.59  7.26  6.88  6.46  5.98  5.43  4.81  4.07  3.16  1.85  0.60  0.60  0.60  0.60  0.60  0.60  0.60  0.60  0.60  0.60  0.60  0.60  0.60  0.60
  0.60  0.60  0.60  0.60  0.60  0.60  0.60  0.60  0.60  0.60  0.60  0.60  0.60  0.60  0.60  1.77  3.12  4.04  4.78  5.41  5.96  6.44  6.87  7.25  7.58  7.86  8.11  8.32  8.49  8.62  8.71  8.76  8.78  8.76  8.71  8.62  8.49  8.32  8.11  7.86  7.58  7.25  6.87  6.44  5.96  5.41  4.78  4.04  3.12  1.77  0.60  0.60  0.60  0.60  0.60  0.60  0.60  0.60  0.60  0.60  0.60  0.60  0.60  0.60
  0.60  0.60  0.60  0.60  0.60  0.60  0.60  0.60  0.60  0.60  0.60  0.60  0.60  0.60  0.60  1.69  3.08  4.01  4.76  5.39  5.94  6.43  6.86  7.23  7.57  7.86  8.10  8.31  8.48  8.61  8.70  8.76  8.78  8.76  8.70  8.61  8.48  8.31  8.10  7.86  7.57  7.23  6.86  6.43  5.94  5.39  4.76  4.01  3.08  1.69  0.60  0.60  0.60  0.60  0.60  0.60  0.60  0.60  0.60  0.60  0.60  0.60  0.60  0.60
  0.60  0.60  0.60  0.60  0.60  0.60  0.60  0.60  0.60  0.60  0.60  0.60  0.60  0.60  0.60  1.60  3.03  3.98  4.73  5.37  5.93  6.41  6.84  7.22  7.56  7.85  8.10  8.30  8.47  8.60  8.70  8.75  8.77  8.75  8.70  8.60  8.47  8.30  8.10  7.85  7.56  7.22  6.84  6.41  5.93  5.37  4.73  3.98  3.03  1.60  0.60  0.60  0.60  0.60  0.60  0.60  0.60  0.60  0.60  0.60  0.60  0.60  0.60  0.60
  0.60  0.60  0.60  0.60  0.60  0.60  0.60  0.60  0.60  0.60  0.60  0.60  0.60  0.60  0.60  1.51  2.99  3.95  4.71  5.35  5.91  6.40  6.83  7.21  7.55  7.84  8.09  8.30  8.47  8.60  8.69  8.75  8.77  8.75  8.69  8.60  8.47  8.30  8.09  7.84  7.55  7.21  6.83  6.40  5.91  5.35  4.71  3.95  2.99  1.51  0.60  0.60  0.60  0.60  0.60  0.60  0.60  0.60  0.60  0.60  0.60  0.60  0.60  0.60
  0.60  0.60  0.60  0.60  0.60  0.60  0.60  0.60  0.60  0.60  0.60  0.60  0.60  0.60  0.60  1.41  2.94  3.92  4.68  5.33  5.89  6.38  6.82  7.20  7.54  7.83  8.08  8.29  8.46  8.59  8.69  8.74  8.76  8.74  8.69  8.59  8.46  8.29  8.08  7.83  7.54  7.20  6.82  6.38  5.89  5.33  4.68  3.92  2.94  1.41  0.60  0.60  0.60  0.60  0.60  0.60  0.60  0.60  0.60  0.60  0.60  0.60  0.60  0.60
  0.60  0.60  0.60  0.60  0.60  0.60  0.60  0.60  0.60  0.60  0.60  0.60  0.60  0.60  0.60  1.30  2.90  3.88  4.66  5.31  5.87  6.37  6.80  7.19  7.53  7.82  8.07  8.28  8.45  8.58  8.68  8.74  8.75  8.74  8.68  8.58  8.45  8.28  8.07  7.82  7.53  7.19  6.80  6.37  5.87  5.31  4.66  3.88  2.90  1.30  0.60  0.60  0.60  0.60  0.60  0.60  0.60  0.60  0.60  0.60  0.60  0.60  0.60  0.60
  0.60  0.60  0.60  0.60  0.60  0.60  0.60  0.60  0.60  0.60  0.60  0.60  0.60  0.60  0.60  1.19  2.85  3.85  4.63  5.29  5.86  6.35  6.79  7.18  7.52  7.81  8.06  8.27  8.44  8.58  8.67  8.73  8.75  8.73  8.67  8.58  8.44  8.27  8.06  7.81  7.52  7.18  6.79  6.35  5.86  5.29  4.63  3.85  2.85  1.19  0.60  0.60  0.60  0.60  0.60  0.60  0.60  0.60  0.60  0.60  0.60  0.60  0.60  0.60
  0.60  0.60  0.60  0.60  0.60  0.60  0.60  0.60  0.60  0.60  0.60  0.60  0.60  0.60  0.60  1.06  2.80  3.82  4.61  5.27  5.84  6.34  6.78  7.16  7.50  7.80  8.05  8.26  8.44  8.57  8.66  8.72  8.74  8.72  8.66  8.57  8.44  8.26  8.05  7.80  7.50  7.16  6.78  6.34  5.84  5.27  4.61  3.82  2.80  1.06  0.60  0.60  0.60  0.60  0.60  0.60  0.60  0.60  0.60  0.60  0.60  0.60  0.60  0.60
  0.60  0.60  0.60  0.60  0.60  0.60  0.60  0.60  0.60  0.60  0.60  0.60  0.60  0.60  0.60  0.92  2.75  3.78  4.58  5.25  5.82  6.32  6.76  7.15  7.49  7.79  8.04  8.26  8.43  8.56  8.66  8.71  8.73  8.71  8.66  8.56  8.43  8.26  8.04  7.79  7.49  7.15  6.76  6.32  5.82  5.25  4.58  3.78  2.75  0.92  0.60  0.60  0.60  0.60  0.60  0.60  0.60  0.60  0.60  0.60  0.60  0.60  0.60  0.60
  0.60  0.60  0.60  0.60  0.60  0.60  0.60  0.60  0.60  0.60  0.60  0.60  0.60  0.60  0.60  0.74  2.70  3.75  4.55  5.22  5.80  6.30  6.75  7.14  7.48  7.78  8.03  8.25  8.42  8.55  8.65  8.71  8.72  8.71  8.65  8.55  8.42  8.25  8.03  7.78  7.48  7.14  6.75  6.30  5.80  5.22  4.55  3.75  2.70  0.75  0.60  0.60  0.60  0.60  0.60  0.60  0.60  0.60  0.60  0.60  0.60  0.60  0.60  0.60
  0.60  0.60  0.60  0.60  0.60  0.60  0.60  0.60  0.60  0.60  0.60  0.60  0.60  0.60  0.60  0.60  2.65  3.71  4.53  5.20  5.78  6.29  6.73  7.13  7.47  7.77  8.02  8.24  8.41  8.54  8.64  8.70  8.72  8.70  8.64  8.54  8.41  8.24  8.02  7.77  7.47  7.13  6.73  6.29  5.78  5.20  4.53  3.71  2.65  0.60  0.60  0.60  0.60  0.60  0.60  0.60  0.60  0.60  0.60  0.60  0.60  0.60  0.60  0.60
  0.60  0.60  0.60  0.60  0.60  0.60  0.60  0.60  0.60  0.60  0.60  0.60  0.60  0.60  0.60  0.60  2.60  3.68  4.50  5.18  5.76  6.27  6.72  7.11  7.46  7.76  8.01  8.23  8.40  8.54  8.63  8.69  8.71  8.69  8.63  8.54  8.40  8.23  8.01  7.76  7.46  7.11  6.72  6.27  5.76  5.18  4.50  3.68  2.60  0.60  0.60  0.60  0.60  0.60  0.60  0.60  0.60  0.60  0.60  0.60  0.60  0.60  0.60  0.60
  0.60  0.60  0.60  0.60  0.60  0.60  0.60  0.60  0.60  0.60  0.60  0.60  0.60  0.60  0.60  0.60  2.55  3.64  4.47  5.15  5.74  6.25  6.70  7.10  7.44  7.74  8.00  8.22  8.39  8.53  8.62  8.68  8.70  8.68  8.62  8.53  8.39  8.22  8.00  7.74  7.44  7.10  6.70  6.25  5.74  5.15  4.47  3.64  2.55  0.60  0.60  0.60  0.60  0.60  0.60  0.60  0.60  0.60  0.60  0.60  0.60  0.60  0.60  0.60
  0.60  0.60  0.60  0.60  0.60  0.60  0.60  0.60  0.60  0.60  0.60  0.60  0.60  0.60  0.60  0.60  2.49  3.61  4.44  5.13  5.72  6.24  6.69  7.08  7.43  7.73  7.99  8.21  8.38  8.52  8.61  8.67  8.69  8.67  8.61  8.52  8.38  8.21  7.99  7.73  7.43  7.08  6.69  6.24  5.72  5.13  4.44  3.61  2.49  0.60  0.60  0.60  0.60  0.60  0.60  0.60  0.60  0.60  0.60  0.60  0.60  0.60  0.60  0.60
  0.60  0.60  0.60  0.60  0.60  0.60  0.60  0.60  0.60  0.60  0.60  0.60  0.60  0.60  0.60  0.60  2.43  3.57  4.41  5.11  5.70  6.22  6.67  7.07  7.42  7.72  7.98  8.19  8.37  8.51  8.60  8.66  8.68  8.66  8.60  8.51  8.37  8.19  7.98  7.72  7.42  7.07  6.67  6.22  5.70  5.11  4.41  3.57  2.43  0.60  0.60  0.60  0.60  0.60  0.60  0.60  0.60  0.60  0.60  0.60  0.60  0.60  0.60  0.60
  0.60  0.60  0.60  0.60  0.60  0.60  0.60  0.60  0.60  0.60  0.60  0.60  0.60  0.60  0.60  0.60  2.38  3.53  4.38  5.08  5.68  6.20  6.65  7.05  7.40  7.71  7.97  8.18  8.36  8.50  8.59  8.65  8.67  8.65  8.59  8.50  8.36  8.18  7.97  7.71  7.40  7.05  6.65  6.20  5.68  5.08  4.38  3.53  2.38  0.60  0.60  0.60  0.60  0.60  0.60  0.60  0.60  0.60  0.60  0.60  0.60  0.60  0.60  0.60
  0.60  0.60  0.60  0.60  0.60  0.60  0.60  0.60  0.60  0.60  0.60  0.60  0.60  0.60  0.60  0.60  2.32  3.49  4.35  5.06  5.66  6.18  6.64  7.04  7.39  7.69  7.95  8.17  8.35  8.49  8.58  8.64  8.66  8.64  8.58  8.49  8.35  8.17  7.95  7.69  7.39  7.04  6.64  6.18  5.66  5.06  4.35  3.49  2.32  0.60  0.60  0.60  0.60  0.60  0.60  0.60  0.60  0.60  0.60  0.60  0.60  0.60  0.60  0.60
  0.60  0.60  0.60  0.60  0.60  0.60  0.60  0.60  0.60  0.60  0.60  0.60  0.60  0.60  0.60  0.60  2.26  3.45  4.32  5.03  5.64  6.16  6.62  7.02  7.38  7.68  7.94  8.16  8.34  8.47  8.57  8.63  8.65  8.63  8.57  8.47  8.34  8.16  7.94  7.68  7.38  7.02  6.62  6.16  5.64  5.03  4.32  3.45  2.26  0.60  0.60  0.60  0.60  0.60  0.60  0.60  0.60  0.60  0.60  0.60  0.60  0.60  0.60  0.60
  0.60  0.60  0.60  0.60  0.60  0.60  0.60  0.60  0.60  0.60  0.60  0.60  0.60  0.60  0.60  0.60  2.20  3.42  4.29  5.01  5.62  6.14  6.60  7.01  7.36  7.67  7.93  8.15  8.33  8.46  8.56  8.62  8.64  8.62  8.56  8.46  8.33  8.15  7.93  7.67  7.36  7.01  6.60  6.14  5.62  5.01  4.29  3.42  2.20  0.60  0.60  0.60  0.60  0.60  0.60  0.60  0.60  0.60  0.60  0.60  0.60  0.60  0.60  0.60
  0.60  0.60  0.60  0.60  0.60  0.60  0.60  0.60  0.60  0.60  0.60  0.60  0.60  0.60  0.60  0.60  2.13  3.38  4.26  4.98  5.59  6.12  6.59  6.99  7.35  7.65  7.92  8.14  8.31  8.45  8.55  8.61  8.63  8.61  8.55  8.45  8.31  8.14  7.92  7.65  7.35  6.99  6.59  6.12  5.59  4.98  4.26  3.38  2.13  0.60  0.60  0.60  0.60  0.60  0.60  0.60  0.60  0.60  0.60  0.60  0.60  0.60  0.60  0.60
  0.60  0.60  0.60  0.60  0.60  0.60  0.60  0.60  0.60  0.60  0.60  0.60  0.60  0.60  0.60  0.60  2.07  3.34  4.23  4.96  5.57  6.10  6.57  6.98  7.33  7.64  7.90  8.12  8.30  8.44  8.54  8.60  8.62  8.60  8.54  8.44  8.30  8.12  7.90  7.64  7.33  6.98  6.57  6.10  5.57  4.96  4.23  3.34  2.07  0.60  0.60  0.60  0.60  0.60  0.60  0.60  0.60  0.60  0.60  0.60  0.60  0.60  0.60  0.60
  0.60  0.60  0.60  0.60  0.60  0.60  0.60  0.60  0.60  0.60  0.60  0.60  0.60  0.60  0.60  0.60  2.00  3.29  4.20  4.93  5.55  6.08  6.55  6.96  7.32  7.62  7.89  8.11  8.29  8.43  8.53  8.58  8.60  8.58  8.53  8.43  8.29  8.11  7.89  7.62  7.32  6.96  6.55  6.08  5.55  4.93  4.20  3.29  2.00  0.60  0.60  0.60  0.60  0.60  0.60  0.60  0.60  0.60  0.60  0.60  0.60  0.60  0.60  0.60
  0.60  0.60  0.60  0.60  0.60  0.60  0.60  0.60  0.60  0.60  0.60  0.60  0.60  0.60  0.60  0.60  1.93  3.25  4.17  4.91  5.53  6.06  6.53  6.94  7.30  7.61  7.87  8.10  8.28  8.41  8.51  8.57  8.59  8.57  8.51  8.41  8.28  8.10  7.87  7.61  7.30  6.94  6.53  6.06  5.53  4.91  4.17  3.25  1.93  0.60  0.60  0.60  0.60  0.60  0.60  0.60  0.60  0.60  0.60  0.60  0.60  0.60  0.60  0.60
  0.60  0.60  0.60  0.60  0.60  0.60  0.60  0.60  0.60  0.60  0.60  0.60  0.60  0.60  0.60  0.60  1.85  3.21  4.14  4.88  5.50  6.04  6.51  6.92  7.28  7.59  7.86  8.08  8.26  8.40  8.50  8.56  8.58  8.56  8.50  8.40  8.26  8.08  7.86  7.59  7.28  6.92  6.51  6.04  5.50  4.88  4.14  3.21  1.85  0.60  0.60  0.60  0.60  0.60  0.60  0.60  0.60  0.60  0.60  0.60  0.60  0.60  0.60  0.60
  0.60  0.60  0.60  0.60  0.60  0.60  0.60  0.60  0.60  0.60  0.60  0.60  0.60  0.60  0.60  0.60  1.78  3.17  4.11  4.85  5.48  6.02  6.49  6.91  7.27  7.58  7.84  8.07  8.25  8.39  8.49  8.55  8.57  8.55  8.49  8.39  8.25  8.07  7.84  7.58  7.27  6.91  6.49  6.02  5.48  4.85  4.11  3.17  1.78  0.60  0.60  0.60  0.60  0.60  0.60  0.60  0.60  0.60  0.60  0.60  0.60  0.60  0.60  0.60
  0.60  0.60  0.60  0.60  0.60  0.60  0.60  0.60  0.60  0.60  0.60  0.60  0.60  0.60  0.60  0.60  1.70  3.12  4.07  4.82  5.46  6.00  6.47  6.89  7.25  7.56  7.83  8.05  8.23  8.37  8.47  8.53  8.55  8.53  8.47  8.37  8.23  8.05  7.83  7.56  7.25  6.89  6.47  6.00  5.46  4.82  4.07  3.12  1.70  0.60  0.60  0.60  0.60  0.60  0.60  0.60  0.60  0.60  0.60  0.60  0.60  0.60  0.60  0.60
  0.60  0.60  0.60  0.60  0.60  0.60  0.60  0.60  0.60  0.60  0.60  0.60  0.60  0.60  0.60  0.60  1.61  3.08  4.04  4.80  5.43  5.98  6.45  6.87  7.23  7.55  7.81  8.04  8.22  8.36  8.46  8.52  8.54  8.52  8.46  8.36  8.22  8.04  7.81  7.55  7.23  6.87  6.45  5.98  5.43  4.80  4.04  3.08  1.61  0.60  0.60  0.60  0.60  0.60  0.60  0.60  0.60  0.60  0.60  0.60  0.60  0.60  0.60  0.60
  0.60  0.60  0.60  0.60  0.60  0.60  0.60  0.60  0.60  0.60  0.60  0.60  0.60  0.60  0.60  0.60  1.52  3.04  4.01  4.77  5.41  5.96  6.43  6.85  7.22  7.53  7.80  8.02  8.20  8.35  8.45  8.51  8.53  8.51  8.45  8.35  8.20  8.02  7.80  7.53  7.22  6.85  6.43  5.96  5.41  4.77  4.01  3.04  1.52  0.60  0.60  0.60  0.60  0.60  0.60  0.60  0.60  0.60  0.60  0.60  0.60  0.60  0.60  0.60
  0.60  0.60  0.60  0.60  0.60  0.60  0.60  0.60  0.60  0.60  0.60  0.60  0.60  0.60  0.60  0.60  1.43  2.99  3.97  4.74  5.38  5.93  6.41  6.83  7.20  7.51  7.78  8.01  8.19  8.33  8.43  8.49  8.51  8.49  8.43  8.33  8.19  8.01  7.78  7.51  7.20  6.83  6.41  5.93  5.38  4.74  3.97  2.99  1.43  0.60  0.60  0.60  0.60  0.60  0.60  0.60  0.60  0.60  0.60  0.60  0.60  0.60  0.60  0.60
  0.60  0.60  0.60  0.60  0.60  0.60  0.60  0.60  0.60  0.60  0.60  0.60  0.60  0.60  0.60  0.60  1.33  2.94  3.94  4.71  5.36  5.91  6.39  6.81  7.18  7.50  7.77  7.99  8.17  8.32  8.42  8.48  8.50  8.48  8.42  8.32  8.17  7.99  7.77  7.50  7.18  6.81  6.39  5.91  5.36  4.71  3.94  2.94  1.33  0.60  0.60  0.60  0.60  0.60  0.60  0.60  0.60  0.60  0.60  0.60  0.60  0.60  0.60  0.60
  0.60  0.60  0.60  0.60  0.60  0.60  0.60  0.60  0.60  0.60  0.60  0.60  0.60  0.60  0.60  0.60  1.22  2.90  3.90  4.68  5.33  5.89  6.37  6.79  7.16  7.48  7.75  7.98  8.16  8.30  8.40  8.46  8.48  8.46  8.40  8.30  8.16  7.98  7.75  7.48  7.16  6.79  6.37  5.89  5.33  4.68  3.90  2.90  1.22  0.60  0.60  0.60  0.60  0.60  0.60  0.60  0.60  0.60  0.60  0.60  0.60  0.60  0.60  0.60
  0.60  0.60  0.60  0.60  0.60  0.60  0.60  0.60  0.60  0.60  0.60  0.60  0.60  0.60  0.60  0.60  1.10  2.85  3.87  4.65  5.31  5.87  6.35  6.78  7.14  7.46  7.73  7.96  8.14  8.28  8.39  8.45  8.47  8.45  8.39  8.28  8.14  7.96  7.73  7.46  7.14  6.78  6.35  5.87  5.31  4.65  3.87  2.85  1.10  0.60  0.60  0.60  0.60  0.60  0.60  0.60  0.60  0.60  0.60  0.60  0.60  0.60  0.60  0.60
  0.60  0.60  0.60  0.60  0.60  0.60  0.60  0.60  0.60  0.60  0.60  0.60  0.60  0.60  0.60  0.60  0.96  2.80  3.83  4.62  5.28  5.84  6.33  6.76  7.12  7.44  7.71  7.94  8.13  8.27  8.37  8.43  8.45  8.43  8.37  8.27  8.13  7.94  7.71  7.44  7.12  6.76  6.33  5.84  5.28  4.62  3.83  2.80  0.96  0.60  0.60  0.60  0.60  0.60  0.60  0.60  0.60  0.60  0.60  0.60  0.60  0.60  0.60  0.60
  0.60  0.60  0.60  0.60  0.60  0.60  0.60  0.60  0.60  0.60  0.60  0.60  0.60  0.60  0.60  0.60  0.80  2.75  3.79  4.59  5.25  5.82  6.31  6.73  7.11  7.42  7.70  7.92  8.11  8.25  8.35  8.41  8.43  8.41  8.35  8.25  8.11  7.92  7.70  7.42  7.11  6.73  6.31  5.82  5.25  4.59  3.79  2.75  0.80  0.60  0.60  0.60  0.60  0.60  0.60  0.60  0.60  0.60  0.60  0.60  0.60  0.60  0.60  0.60
  0.00  0.00  0.00  0.00  0.00  0.00  0.00  0.00  0.00  0.00  0.00  0.00  0.00  0.00  0.00  0.00  0.00  2.63  3.71  4.52  5.19  5.76  6.26  6.69  7.06  7.38  7.66  7.88  8.07  8.21  8.31  8.38  8.40  8.38  8.31  8.21  8.07  7.88  7.66  7.38  7.06  6.69  6.26  5.76  5.19  4.52  3.71  2.63  0.00  0.00  0.00  0.00  0.00  0.00  0.00  0.00  0.00  0.00  0.00  0.00  0.00  0.00  0.00  0.00
