  0.60  0.60  0.60  0.60  0.60  0.60  0.60  0.60  0.60  0.60  0.60  0.60  0.60  0.60  0.60  0.60  0.60  0.60  0.60  0.60  0.60  0.60  0.60  0.60  0.60  0.60  0.60  0.60  0.60  0.60  0.60  0.60  0.60  0.60  0.60  0.60  0.60  0.60  0.60  0.60  0.60  0.60  0.60  0.60  0.60  0.60  0.60  0.60  0.60  0.60  0.60  0.60  0.60  0.60  0.60  0.60  0.60  0.60  0.60  0.60  0.60  0.60  0.60  0.60
  0.60  0.60  0.60  0.60  0.60  0.60  0.60  0.60  0.60  0.60  0.60  0.60  0.60  0.60  0.60  0.60  0.60  0.60  0.60  0.60  0.60  0.60  0.60  0.60  0.60  0.60  0.60  0.60  0.60  0.60  0.60  0.60  0.60  0.60  0.60  0.60  0.60  0.60  0.60  0.60  0.60  0.60  0.60  0.60  0.60  0.60  0.60  0.60  0.60  0.60  0.60  0.60  0.60  0.60  0.60  0.60  0.60  0.60  0.60  0.60  0.60  0.60  0.60  0.60
  0.60  0.60  0.60  0.60  0.60  0.60  0.60  0.60  0.60  0.60  0.60  0.60  0.60  0.60  0.60  0.60  0.60  0.60  0.60  0.60  0.60  0.60  0.60  0.60  0.60  0.60  0.60  0.60  0.60  0.60  0.60  0.60  0.60  0.60  0.60  0.60  0.60  0.60  0.60  0.60  0.60  0.60  0.60  0.60  0.60  0.60  0.60  0.60  0.60  0.60  0.60  0.60  0.60  0.60  0.60  0.60  0.60  0.60  0.60  0.60  0.60  0.60  0.60  0.60
  0.60  0.60  0.60  0.60  0.60  0.60  0.60  0.60  0.60  0.60  0.60  0.60  0.60  0.60  0.60  0.60  0.60  0.60  0.60  0.60  0.60  0.60  0.60  0.60  0.60  0.60  0.60  0.60  0.60  0.60  0.60  0.60  0.60  0.60  0.60  0.60  0.60  0.60  0.60  0.60  0.60  0.60  0.60  0.60  0.60  0.60  0.60  0.60  0.60  0.60  0.60  0.60  0.60  0.60  0.60  0.60  0.60  0.60  0.60  0.60  0.60  0.60  0.60  0.60
  0.60  0.60  0.60  0.60  0.60  0.60  0.60  0.60  0.60  0.60  0.60  0.60  0.60  0.60  0.60  0.60  0.60  0.60  0.60  0.60  0.60  0.60  0.60  0.60  0.60  0.60  0.60  0.60  0.60  0.60  0.60  0.60  0.60  0.60  0.60  0.60  0.60  0.60  0.60  0.60  0.60  0.60  0.60  0.60  0.60  0.60  0.60  0.60  0.60  0.60  0.60  0.60  0.60  0.60  0.60  0.60  0.60  0.60  0.60  0.60  0.60  0.60  0.60  0.60
  0.60  0.60  0.60  0.60  0.60  0.60  0.60  0.60  0.60  0.60  0.60  0.60  0.60  0.60  0.60  0.60  0.60  0.60  0.60  0.60  0.60  0.60  0.60  0.60  0.60  0.60  0.60  0.60  0.60  0.60  0.60  0.60  0.60  0.60  0.60  0.60  0.60  0.60  0.60  0.60  0.60  0.60  0.60  0.60  0.60  0.60  0.60  0.60  0.60  0.60  0.60  0.60  0.60  0.60  0.60  0.60  0.60  0.60  0.60  0.60  0.60  0.60  0.60  0.60
  0.60  0.60  0.60  0.60  0.60  0.60  0.60  0.60  0.60  0.60  0.60  0.60  0.60  0.60  0.60  0.60  0.60  0.60  0.60  0.60  0.60  0.60  0.60  0.60  0.60  0.60  0.60  0.60  0.60  0.60  0.60  0.60  0.60  0.60  0.60  0.60  0.60  0.60  0.60  0.60  0.60  0.60  0.60  0.60  0.60  0.60  0.60  0.60  0.60  0.60  0.60  0.60  0.60  0.60  0.60  0.60  0.60  0.60  0.60  0.60  0.60  0.60  0.60  0.60
  0.60  0.60  0.60  0.60  0.60  0.60  0.60  0.60  0.60  0.60  0.60  0.60  0.60  0.60  0.60  0.60  0.60  0.60  0.60  0.60  0.60  0.60  0.60  0.60  0.60  0.60  0.60  0.60  0.60  0.60  0.60  0.60  0.60  0.60  0.60  0.60  0.60  0.60  0.60  0.60  0.60  0.60  0.60  0.60  0.60  0.60  0.60  0.60  0.60  0.60  0.60  0.60  0.60  0.60  0.60  0.60  0.60  0.60  0.60  0.60  0.60  0.60  0.60  0.60
  0.60  0.60  0.60  0.60  0.60  0.60  0.60  0.60  0.60  0.60  0.60  0.60  0.60  0.60  0.60  0.60  0.60  0.60  0.60  0.60  0.60  0.60  0.60  0.60  0.60  0.60  0.60  0.60  0.60  0.60  0.60  0.60  0.60  0.60  0.60  0.60  0.60  0.60  0.60  0.60  0.60  0.60  0.60  0.60  0.60  0.60  0.60  0.60  0.60  0.60  0.60  0.60  0.60  0.60  0.60  0.60  0.60  0.60  0.60  0.60  0.60  0.60  0.60  0.60
  0.60  0.60  0.60  0.60  0.60  0.60  0.60  0.60  0.60  0.60  0.60  0.60  0.60  0.60  0.60  0.60  0.60  0.60  0.60  0.60  0.60  0.60  0.60  0.60  0.60  0.60  0.60  0.60  0.60  0.60  0.60  0.60  0.60  0.60  0.60  0.60  0.60  0.60  0.60  0.60  0.60  0.60  0.60  0.60  0.60  0.60  0.60  0.60  0.60  0.60  0.60  0.60  0.60  0.60  0.60  0.60  0.60  0.60  0.60  0.60  0.60  0.60  0.60  0.60
  0.60  0.60  0.60  0.60  0.60  0.60  0.60  0.60  0.60  0.60  0.60  0.60  0.60  0.60  0.60  0.60  0.60  0.60  0.60  0.60  0.60  0.60  0.60  0.60  0.60  0.60  0.60  0.60  0.60  0.60  0.60  0.60  0.60  0.60  0.60  0.60  0.60  0.60  0.60  0.60  0.60  0.60  0.60  0.60  0.60  0.60  0.60  0.60  0.60  0.60  0.60  0.60  0.60  0.60  0.60  0.60  0.60  0.60  0.60  0.60  0.60  0.60  0.60  0.60
  0.60  0.60  0.60  0.60  0.60  0.60  0.60  0.60  0.60  0.60  0.60  0.60  0.60  0.60  0.60  0.60  0.60  0.60  0.60  0.60  0.60  0.60  0.60  0.60  0.60  0.60  0.60  0.60  0.60  0.60  0.60  0.60  0.60  0.60  0.60  0.60  0.60  0.60  0.60  0.60  0.60  0.60  0.60  0.60  0.60  0.60  0.60  0.60  0.60  0.60  0.60  0.60  0.60  0.60  0.60  0.60  0.60  0.60  0.60  0.60  0.60  0.60  0.60  0.60
  0.60  0.60  0.60  0.60  0.60  0.60  0.60  0.60  0.60  0.60  0.60  0.60  0.60  0.60  0.60  0.60  0.60  0.60  0.60  0.60  0.60  0.60  0.60  0.60  0.60  0.60  0.60  0.60  0.60  0.60  0.60  0.60  0.60  0.60  0.60  0.60  0.60  0.60  0.60  0.60  0.60  0.60  0.60  0.60  0.60  0.60  0.60  0.60  0.60  0.60  0.60  0.60  0.60  0.60  0.60  0.60  0.60  0.60  0.60  0.60  0.60  0.60  0.60  0.60
  0.60  0.60  0.60  0.60  0.60  0.60  0.60  0.60  0.60  0.60  0.60  0.60  0.60  0.60  0.60  0.60  0.60  0.60  0.60  0.60  0.60  0.60  0.60  0.60  0.60  0.60  0.60  0.60  0.60  0.60  0.60  0.60  0.60  0.60  0.60  0.60  0.60  0.60  0.60  0.60  0.60  0.60  0.60  0.60  0.60  0.60  0.60  0.60  0.60  0.60  0.60  0.60  0.60  0.60  0.60  0.60  0.60  0.60  0.60  0.60  0.60  0.60  0.60  0.60
  0.60  0.60  0.60  0.60  0.60  0.60  0.60  0.60  0.60  0.60  0.60  0.60  0.60  0.60  0.60  0.60  0.60  0.60  0.60  0.60  0.60  0.60  0.60  0.60  0.60  0.60  0.60  0.60  0.60  0.60  0.60  0.60  0.60  0.60  0.60  0.60  0.60  0.60  0.60  0.60  0.60  0.60  0.60  0.60  0.60  0.60  0.60  0.60  0.60  0.60  0.60  0.60  0.60  0.60  0.60  0.60  0.60  0.60  0.60  0.60  0.60  0.60  0.60  0.60
  0.60  0.60  0.60  0.60  0.60  0.60  0.60  0.60  0.60  0.60  0.60  0.60  0.60  0.60  0.60  0.60  0.60  0.60  0.60  0.60  0.60  0.60  0.60  0.60  0.60  0.60  0.60  0.60  0.60  0.60  0.60  0.60  0.60  0.60  0.60  0.60  0.60  0.60  0.60  0.60  0.60  0.60  0.60  0.60  0.60  0.60  0.60  0.60  0.60  0.60  0.60  0.60  0.60  0.60  0.60  0.60  0.60  0.60  0.60  0.60  0.60  0.60  0.60  0.60
  0.60  0.60  0.60  0.60  0.60  0.60  0.60  0.60  0.60  0.60  0.60  0.60  0.60  0.60  0.60  0.60  0.60  0.60  0.60  0.60  0.60  0.60  0.60  0.60  0.60  0.60  0.60  0.60  0.60  0.60  0.60  0.60  0.60  0.60  0.60  0.60  0.60  0.60  0.60  0.60  0.60  0.60  0.60  0.60  0.60  0.60  0.60  0.60  0.60  0.60  0.60  0.60  0.60  0.60  0.60  0.60  0.60  0.60  0.60  0.60  0.60  0.60  0.60  0.60
  0.60  0.60  0.60  0.60  0.60  0.60  0.60  0.60  0.60  0.60  0.60  0.60  0.60  0.60  0.60  0.60  0.60  0.60  0.60  0.60  0.60  0.60  0.60  0.60  0.60  0.60  0.60  0.60  0.60  0.60  0.60  0.60  0.60  0.60  0.60  0.60  0.60  0.60  0.60  0.60  0.60  0.60  0.60  0.60  0.60  0.60  0.60  0.60  0.60  0.60  0.60  0.60  0.60  0.60  0.60  0.60  0.60  0.60  0.60  0.60  0.60  0.60  0.60  0.60
  0.60  0.60  0.60  0.60  0.60  0.60  0.60  0.60  0.60  0.60  0.60  0.60  0.60  0.60  0.60  0.60  0.60  0.60  0.60  0.60  0.60  0.60  0.60  0.60  0.60  0.61  0.61  0.60  0.60  0.60  0.60  0.60  0.60  0.60  0.60  0.60  0.60  0.60  0.60  0.60  0.60  0.60  0.60  0.60  0.60  0.60  0.60  0.60  0.60  0.60  0.60  0.60  0.60  0.60  0.60  0.60  0.60  0.60  0.60  0.60  0.60  0.60  0.60  0.60
  0.60  0.60  0.60  0.60  0.60  0.60  0.60  0.60  0.60  0.60  0.60  0.60  0.60  0.60  0.60  0.60  0.60  0.60  0.60  0.60  0.60  0.60  0.60  0.60  0.60  0.64  0.64  0.61  0.61  0.61  0.61  0.62  0.61  0.60  0.60  0.60  0.60  0.60  0.60  0.60  0.60  0.60  0.61  0.62  0.62  0.60  0.60  0.60  0.60  0.60  0.60  0.60  0.60  0.60  0.60  0.60  0.60  0.60  0.60  0.60  0.60  0.60  0.60  0.60
  0.60  0.60  0.60  0.60  0.60  0.60  0.60  0.60  0.60  0.60  0.60  0.60  0.60  0.60  0.60  0.60  0.60  0.60  0.60  0.60  0.60  0.60  0.60  0.60  0.62  0.68  0.68  0.64  0.63  0.63  0.64  0.65  0.64  0.61  0.60  0.60  0.60  0.60  0.60  0.61  0.62  0.63  0.66  0.68  0.67  0.64  0.63  0.60  0.60  0.60  0.60  0.62  0.62  0.61  0.60  0.60  0.60  0.60  0.60  0.60  0.60  0.60  0.60  0.60
  0.60  0.60  0.60  0.60  0.60  0.60  0.60  0.60  0.60  0.60  0.60  0.60  0.60  0.63  0.62  0.60  0.60  0.60  0.60  0.60  0.60  0.60  0.60  0.61  0.65  0.73  0.73  0.69  0.67  0.67  0.69  0.70  0.68  0.65  0.62  0.62  0.62  0.62  0.63  0.64  0.67  0.71  0.74  0.78  0.77  0.74  0.69  0.65  0.64  0.64  0.64  0.67  0.67  0.64  0.61  0.60  0.60  0.60  0.60  0.60  0.60  0.60  0.60  0.60
  0.63  0.60  0.60  0.60  0.60  0.60  0.60  0.60  0.60  0.60  0.60  0.60  0.65  0.70  0.69  0.65  0.64  0.62  0.61  0.60  0.60  0.60  0.60  0.62  0.69  0.80  0.81  0.76  0.72  0.73  0.75  0.77  0.75  0.71  0.67  0.66  0.67  0.68  0.69  0.71  0.76  0.83  0.87  0.93  0.93  0.90  0.81  0.75  0.72  0.72  0.74  0.75  0.76  0.71  0.65  0.60  0.60  0.60  0.60  0.60  0.60  0.60  0.60  0.61
  0.69  0.63  0.60  0.60  0.60  0.60  0.60  0.60  0.60  0.60  0.60  0.65  0.75  0.81  0.80  0.76  0.72  0.69  0.66  0.64  0.63  0.62  0.63  0.66  0.77  0.89  0.89  0.84  0.80  0.80  0.82  0.85  0.84  0.80  0.76  0.74  0.75  0.77  0.80  0.81  0.90  1.01  1.07  1.15  1.15  1.12  0.99  0.92  0.86  0.85  0.88  0.89  0.91  0.82  0.73  0.64  0.60  0.60  0.60  0.60  0.60  0.60  0.61  0.66
  0.79  0.69  0.60  0.60  0.60  0.60  0.60  0.60  0.60  0.60  0.64  0.76  0.92  0.99  0.97  0.94  0.87  0.81  0.75  0.74  0.70  0.67  0.68  0.72  0.87  1.00  1.00  0.94  0.90  0.90  0.91  0.94  0.95  0.91  0.87  0.84  0.86  0.89  0.94  0.97  1.08  1.23  1.34  1.45  1.46  1.40  1.24  1.15  1.06  1.05  1.08  1.09  1.10  1.00  0.87  0.75  0.64  0.60  0.60  0.60  0.60  0.60  0.64  0.73
  0.93  0.80  0.63  0.60  0.60  0.60  0.60  0.60  0.60  0.63  0.73  0.93  1.14  1.23  1.21  1.17  1.08  0.99  0.91  0.90  0.82  0.77  0.77  0.82  1.00  1.10  1.10  1.05  1.02  1.01  1.00  1.03  1.09  1.06  1.01  0.98  1.01  1.06  1.12  1.18  1.32  1.50  1.68  1.81  1.84  1.74  1.57  1.44  1.33  1.30  1.34  1.36  1.37  1.26  1.06  0.90  0.74  0.65  0.62  0.60  0.62  0.64  0.71  0.84
  1.11  0.94  0.69  0.60  0.60  0.60  0.60  0.60  0.60  0.70  0.89  1.17  1.43  1.55  1.54  1.48  1.37  1.27  1.16  1.12  0.99  0.90  0.90  0.96  1.12  1.20  1.20  1.16  1.13  1.10  1.07  1.09  1.19  1.23  1.18  1.16  1.20  1.26  1.34  1.45  1.62  1.82  2.02  2.17  2.21  2.14  1.97  1.79  1.66  1.61  1.64  1.69  1.69  1.58  1.34  1.12  0.90  0.75  0.68  0.65  0.67  0.73  0.82  1.01
  1.33  1.13  0.80  0.63  0.60  0.60  0.60  0.60  0.67  0.83  1.12  1.48  1.77  1.93  1.93  1.84  1.74  1.64  1.52  1.41  1.22  1.09  1.06  1.13  1.25  1.30  1.29  1.26  1.22  1.16  1.10  1.13  1.26  1.38  1.38  1.38  1.42  1.49  1.59  1.72  1.91  2.13  2.36  2.53  2.59  2.53  2.37  2.18  2.04  1.98  1.99  2.02  2.01  1.91  1.69  1.39  1.12  0.93  0.79  0.77  0.77  0.88  1.00  1.24
  1.58  1.36  0.96  0.70  0.62  0.60  0.62  0.66  0.82  1.04  1.43  1.85  2.16  2.31  2.32  2.26  2.18  2.10  1.97  1.77  1.53  1.34  1.26  1.30  1.37  1.40  1.39  1.35  1.29  1.19  1.12  1.14  1.30  1.50  1.57  1.58  1.64  1.72  1.84  2.00  2.20  2.45  2.69  2.89  2.97  2.92  2.77  2.58  2.43  2.35  2.34  2.35  2.33  2.24  2.03  1.72  1.40  1.16  0.98  0.96  0.94  1.08  1.24  1.51
  1.84  1.62  1.16  0.82  0.68  0.65  0.68  0.81  1.05  1.35  1.83  2.27  2.55  2.69  2.71  2.68  2.62  2.55  2.41  2.18  1.89  1.63  1.49  1.46  1.49  1.50  1.47  1.42  1.33  1.20  1.11  1.14  1.32  1.59  1.74  1.79  1.86  1.96  2.09  2.27  2.49  2.76  3.03  3.25  3.35  3.31  3.17  2.98  2.81  2.72  2.68  2.68  2.66  2.57  2.38  2.10  1.76  1.47  1.24  1.21  1.18  1.34  1.56  1.79
  2.10  1.89  1.42  1.00  0.79  0.77  0.81  1.04  1.37  1.77  2.30  2.69  2.94  3.07  3.10  3.09  3.06  2.99  2.84  2.57  2.23  1.92  1.71  1.62  1.61  1.59  1.55  1.48  1.35  1.19  1.09  1.13  1.32  1.64  1.88  1.99  2.07  2.19  2.34  2.53  2.78  3.08  3.37  3.60  3.72  3.70  3.57  3.38  3.20  3.08  3.03  3.01  2.98  2.89  2.73  2.48  2.17  1.85  1.60  1.53  1.51  1.66  1.88  2.06
  2.35  2.15  1.73  1.24  0.97  0.97  1.01  1.35  1.77  2.29  2.76  3.11  3.33  3.44  3.49  3.50  3.49  3.42  3.25  2.95  2.56  2.19  1.92  1.78  1.71  1.67  1.61  1.51  1.35  1.17  1.07  1.11  1.31  1.66  2.00  2.17  2.29  2.42  2.59  2.80  3.08  3.39  3.70  3.96  4.10  4.09  3.96  3.77  3.59  3.45  3.38  3.34  3.30  3.22  3.07  2.85  2.58  2.29  2.05  1.92  1.92  2.03  2.19  2.34
  2.61  2.42  2.03  1.55  1.23  1.24  1.33  1.75  2.26  2.80  3.23  3.53  3.72  3.82  3.87  3.89  3.90  3.83  3.63  3.29  2.85  2.43  2.11  1.92  1.81  1.74  1.66  1.52  1.33  1.13  1.04  1.08  1.28  1.65  2.08  2.34  2.49  2.65  2.83  3.07  3.36  3.70  4.04  4.31  4.47  4.48  4.36  4.17  3.97  3.82  3.73  3.67  3.62  3.55  3.42  3.23  2.98  2.73  2.50  2.36  2.33  2.39  2.51  2.61
  2.87  2.69  2.34  1.92  1.59  1.59  1.76  2.25  2.81  3.32  3.69  3.94  4.10  4.19  4.24  4.28  4.29  4.20  3.97  3.57  3.10  2.64  2.27  2.04  1.90  1.79  1.68  1.52  1.29  1.09  1.00  1.05  1.25  1.63  2.12  2.49  2.69  2.87  3.08  3.34  3.65  4.01  4.37  4.66  4.84  4.87  4.76  4.56  4.36  4.19  4.07  4.00  3.94  3.87  3.77  3.60  3.39  3.16  2.95  2.80  2.74  2.76  2.83  2.89
  3.12  2.95  2.65  2.28  2.03  2.02  2.31  2.81  3.36  3.83  4.15  4.36  4.48  4.55  4.60  4.65  4.65  4.53  4.24  3.80  3.29  2.80  2.40  2.13  1.96  1.83  1.69  1.49  1.25  1.05  0.97  1.02  1.22  1.59  2.13  2.60  2.87  3.09  3.32  3.60  3.93  4.31  4.69  5.01  5.21  5.25  5.15  4.96  4.74  4.55  4.42  4.33  4.26  4.20  4.11  3.98  3.80  3.60  3.40  3.24  3.15  3.12  3.14  3.17
  3.38  3.22  2.95  2.65  2.47  2.53  2.86  3.38  3.91  4.34  4.61  4.76  4.84  4.90  4.95  4.98  4.96  4.79  4.43  3.94  3.40  2.90  2.49  2.20  2.00  1.84  1.67  1.45  1.20  1.00  0.93  0.99  1.18  1.54  2.09  2.67  3.03  3.29  3.55  3.85  4.21  4.60  5.00  5.35  5.57  5.63  5.54  5.35  5.12  4.92  4.76  4.66  4.58  4.53  4.46  4.36  4.21  4.04  3.85  3.68  3.56  3.49  3.46  3.44
  3.64  3.49  3.26  3.02  2.91  3.03  3.41  3.94  4.46  4.84  5.05  5.15  5.19  5.23  5.26  5.28  5.20  4.96  4.53  4.00  3.45  2.95  2.53  2.23  2.01  1.84  1.65  1.40  1.14  0.95  0.89  0.96  1.15  1.48  2.03  2.69  3.16  3.48  3.77  4.10  4.47  4.89  5.30  5.67  5.92  6.00  5.93  5.74  5.50  5.28  5.11  4.99  4.90  4.85  4.80  4.73  4.62  4.47  4.30  4.12  3.97  3.85  3.78  3.72
  3.89  3.75  3.56  3.39  3.34  3.53  3.96  4.50  4.99  5.32  5.48  5.52  5.52  5.53  5.53  5.51  5.36  5.03  4.54  3.97  3.42  2.93  2.53  2.23  2.00  1.81  1.60  1.35  1.09  0.90  0.85  0.93  1.11  1.42  1.96  2.66  3.25  3.64  3.97  4.32  4.72  5.15  5.58  5.97  6.24  6.36  6.30  6.12  5.88  5.65  5.45  5.31  5.22  5.18  5.15  5.10  5.03  4.91  4.74  4.56  4.38  4.22  4.09  3.99
  4.15  4.02  3.87  3.75  3.78  4.04  4.50  5.05  5.51  5.79  5.88  5.86  5.82  5.78  5.75  5.66  5.43  5.01  4.46  3.87  3.32  2.86  2.49  2.20  1.97  1.78  1.56  1.29  1.03  0.85  0.81  0.89  1.07  1.36  1.87  2.59  3.28  3.76  4.15  4.53  4.94  5.38  5.82  6.23  6.54  6.70  6.67  6.50  6.26  6.01  5.79  5.64  5.54  5.50  5.49  5.48  5.43  5.34  5.19  5.00  4.79  4.58  4.41  4.27
  4.40  4.28  4.17  4.12  4.22  4.53  5.03  5.58  6.01  6.23  6.25  6.16  6.06  5.98  5.89  5.72  5.40  4.91  4.31  3.71  3.18  2.76  2.42  2.15  1.93  1.73  1.50  1.23  0.97  0.80  0.77  0.86  1.03  1.30  1.77  2.49  3.25  3.84  4.28  4.69  5.12  5.56  6.02  6.45  6.80  7.00  7.01  6.86  6.62  6.36  6.13  5.96  5.85  5.82  5.83  5.85  5.84  5.77  5.63  5.44  5.20  4.94  4.72  4.54
  4.66  4.55  4.47  4.48  4.65  5.03  5.56  6.10  6.48  6.61  6.55  6.39  6.23  6.09  5.94  5.69  5.29  4.74  4.10  3.51  3.01  2.63  2.32  2.08  1.87  1.68  1.45  1.17  0.91  0.75  0.73  0.83  0.99  1.24  1.66  2.36  3.17  3.85  4.36  4.81  5.24  5.69  6.14  6.60  6.99  7.25  7.32  7.20  6.97  6.70  6.46  6.27  6.16  6.13  6.16  6.21  6.24  6.20  6.07  5.87  5.60  5.31  5.03  4.81
  4.91  4.81  4.77  4.84  5.08  5.51  6.07  6.59  6.89  6.93  6.77  6.54  6.32  6.12  5.90  5.59  5.12  4.51  3.86  3.28  2.82  2.47  2.21  2.00  1.81  1.62  1.39  1.11  0.85  0.70  0.69  0.80  0.95  1.17  1.56  2.21  3.04  3.79  4.37  4.85  5.29  5.73  6.19  6.66  7.11  7.44  7.58  7.51  7.30  7.03  6.78  6.58  6.46  6.44  6.49  6.57  6.63  6.62  6.51  6.29  6.00  5.66  5.34  5.09
  5.16  5.07  5.07  5.20  5.50  5.98  6.55  7.02  7.23  7.15  6.89  6.59  6.31  6.06  5.78  5.41  4.89  4.25  3.60  3.03  2.61  2.31  2.09  1.91  1.74  1.56  1.33  1.05  0.79  0.67  0.66  0.76  0.92  1.11  1.45  2.05  2.86  3.67  4.31  4.82  5.26  5.69  6.15  6.64  7.14  7.55  7.77  7.77  7.60  7.34  7.08  6.87  6.75  6.74  6.80  6.91  7.01  7.02  6.93  6.71  6.39  6.01  5.65  5.35
  5.41  5.33  5.37  5.55  5.91  6.43  6.99  7.39  7.47  7.25  6.89  6.52  6.20  5.92  5.60  5.19  4.63  3.97  3.32  2.78  2.39  2.14  1.97  1.82  1.67  1.50  1.27  0.99  0.73  0.64  0.63  0.73  0.88  1.04  1.34  1.88  2.66  3.48  4.16  4.70  5.14  5.56  6.02  6.54  7.08  7.56  7.88  7.96  7.84  7.61  7.35  7.14  7.02  7.01  7.10  7.24  7.37  7.41  7.33  7.11  6.77  6.36  5.95  5.62
  5.65  5.58  5.66  5.89  6.30  6.84  7.37  7.65  7.57  7.21  6.76  6.35  6.01  5.71  5.37  4.93  4.35  3.68  3.03  2.51  2.17  1.96  1.84  1.73  1.60  1.44  1.20  0.93  0.69  0.62  0.62  0.70  0.84  0.98  1.22  1.71  2.44  3.25  3.95  4.50  4.94  5.36  5.82  6.36  6.93  7.47  7.88  8.06  8.02  7.82  7.58  7.37  7.25  7.26  7.37  7.54  7.70  7.77  7.71  7.49  7.13  6.68  6.24  5.87
  5.88  5.82  5.93  6.22  6.67  7.21  7.65  7.78  7.52  7.03  6.52  6.09  5.75  5.45  5.11  4.65  4.05  3.38  2.74  2.24  1.94  1.79  1.70  1.63  1.53  1.37  1.14  0.86  0.65  0.61  0.61  0.67  0.80  0.91  1.11  1.53  2.21  2.99  3.69  4.24  4.67  5.09  5.56  6.12  6.72  7.30  7.78  8.06  8.10  7.96  7.75  7.55  7.44  7.46  7.59  7.79  7.99  8.09  8.05  7.83  7.46  6.98  6.51  6.12
  6.10  6.05  6.19  6.52  6.99  7.49  7.81  7.75  7.31  6.72  6.17  5.76  5.44  5.16  4.82  4.35  3.75  3.07  2.44  1.97  1.71  1.61  1.57  1.54  1.46  1.31  1.08  0.80  0.63  0.60  0.60  0.64  0.76  0.85  1.00  1.36  1.96  2.70  3.38  3.92  4.36  4.78  5.26  5.83  6.45  7.06  7.58  7.94  8.07  8.00  7.82  7.65  7.56  7.59  7.75  7.98  8.21  8.35  8.33  8.12  7.74  7.25  6.75  6.34
  6.29  6.25  6.42  6.77  7.24  7.67  7.83  7.55  6.96  6.30  5.76  5.38  5.10  4.85  4.51  4.05  3.44  2.75  2.14  1.70  1.48  1.42  1.44  1.44  1.38  1.25  1.02  0.74  0.61  0.60  0.60  0.63  0.72  0.78  0.89  1.18  1.72  2.40  3.05  3.58  4.01  4.43  4.94  5.52  6.15  6.76  7.30  7.71  7.91  7.91  7.79  7.65  7.58  7.63  7.81  8.08  8.34  8.51  8.52  8.33  7.95  7.46  6.95  6.53
  6.44  6.42  6.61  6.97  7.40  7.72  7.67  7.21  6.49  5.80  5.29  4.96  4.74  4.52  4.20  3.74  3.12  2.44  1.83  1.42  1.25  1.24  1.30  1.34  1.31  1.18  0.96  0.69  0.60  0.60  0.60  0.61  0.68  0.73  0.79  1.00  1.47  2.09  2.70  3.21  3.63  4.07  4.59  5.19  5.82  6.43  6.96  7.39  7.64  7.70  7.63  7.53  7.48  7.56  7.78  8.07  8.37  8.57  8.60  8.43  8.07  7.59  7.09  6.68
  6.54  6.53  6.74  7.08  7.45  7.60  7.36  6.73  5.94  5.26  4.79  4.53  4.36  4.18  3.89  3.42  2.80  2.12  1.53  1.18  1.05  1.06  1.17  1.24  1.23  1.12  0.89  0.65  0.60  0.60  0.60  0.60  0.65  0.68  0.72  0.86  1.22  1.77  2.34  2.82  3.24  3.69  4.23  4.85  5.48  6.07  6.58  7.00  7.27  7.37  7.34  7.28  7.27  7.38  7.62  7.94  8.27  8.50  8.56  8.41  8.08  7.62  7.15  6.76
  6.56  6.57  6.77  7.09  7.34  7.33  6.90  6.15  5.33  4.67  4.27  4.08  3.98  3.84  3.57  3.11  2.49  1.81  1.23  0.98  0.89  0.91  1.03  1.15  1.16  1.05  0.83  0.63  0.60  0.60  0.72  0.97  1.06  1.00  0.78  0.75  1.01  1.45  1.97  2.42  2.84  3.30  3.87  4.50  5.13  5.70  6.17  6.56  6.82  6.93  6.94  6.90  6.92  7.07  7.34  7.70  8.06  8.31  8.39  8.26  7.95  7.53  7.10  6.75
  6.48  6.51  6.70  6.96  7.09  6.91  6.34  5.51  4.68  4.07  3.74  3.62  3.58  3.49  3.24  2.79  2.17  1.49  0.98  0.82  0.76  0.79  0.90  1.05  1.09  0.99  0.77  0.61  0.60  0.68  1.09  1.27  1.33  1.28  1.10  0.75  0.85  1.18  1.59  2.02  2.43  2.91  3.50  4.15  4.78  5.31  5.75  6.08  6.31  6.42  6.43  6.42  6.48  6.66  6.97  7.36  7.73  8.01  8.09  7.98  7.69  7.31  6.92  6.63
  6.28  6.34  6.51  6.69  6.70  6.38  5.69  4.81  4.00  3.45  3.19  3.16  3.19  3.14  2.92  2.47  1.85  1.22  0.82  0.71  0.68  0.70  0.79  0.95  1.01  0.93  0.71  0.60  0.60  1.05  1.36  1.51  1.56  1.52  1.36  1.07  0.74  0.97  1.28  1.62  2.03  2.52  3.13  3.79  4.42  4.93  5.31  5.59  5.77  5.85  5.86  5.87  5.95  6.17  6.51  6.93  7.33  7.61  7.70  7.59  7.32  6.96  6.63  6.39
  5.97  6.04  6.19  6.30  6.20  5.76  4.99  4.09  3.31  2.82  2.65  2.69  2.79  2.79  2.60  2.16  1.53  1.00  0.70  0.63  0.62  0.65  0.71  0.85  0.94  0.86  0.67  0.60  0.85  1.33  1.58  1.72  1.77  1.72  1.58  1.33  0.89  0.81  1.03  1.28  1.61  2.12  2.76  3.44  4.06  4.53  4.87  5.08  5.21  5.25  5.24  5.26  5.37  5.61  6.00  6.45  6.86  7.15  7.24  7.12  6.85  6.51  6.22  6.03
  5.55  5.64  5.75  5.79  5.60  5.07  4.26  3.35  2.61  2.18  2.09  2.22  2.39  2.44  2.27  1.84  1.25  0.83  0.64  0.60  0.60  0.61  0.65  0.77  0.86  0.80  0.64  0.60  1.16  1.55  1.78  1.91  1.95  1.91  1.78  1.55  1.17  0.69  0.84  1.02  1.27  1.73  2.38  3.08  3.69  4.14  4.42  4.57  4.63  4.62  4.59  4.61  4.74  5.02  5.44  5.92  6.36  6.64  6.72  6.59  6.31  5.99  5.72  5.57
  5.05  5.14  5.23  5.21  4.94  4.35  3.50  2.60  2.00  1.65  1.62  1.75  2.00  2.09  1.94  1.52  1.02  0.71  0.61  0.60  0.60  0.60  0.62  0.71  0.79  0.73  0.62  0.79  1.41  1.75  1.96  2.08  2.11  2.08  1.96  1.75  1.41  0.81  0.71  0.83  1.01  1.38  2.01  2.72  3.33  3.75  3.97  4.05  4.04  3.98  3.92  3.93  4.09  4.41  4.86  5.37  5.82  6.11  6.17  6.02  5.73  5.40  5.16  5.04
  4.48  4.57  4.64  4.57  4.24  3.59  2.73  1.96  1.50  1.25  1.25  1.37  1.60  1.74  1.62  1.24  0.85  0.63  0.60  0.60  0.60  0.60  0.61  0.66  0.73  0.68  0.61  1.11  1.62  1.93  2.12  2.23  2.27  2.23  2.12  1.93  1.62  1.11  0.63  0.70  0.83  1.11  1.63  2.36  2.96  3.35  3.52  3.52  3.44  3.32  3.23  3.24  3.42  3.77  4.27  4.81  5.27  5.55  5.60  5.42  5.11  4.79  4.55  4.45
  3.86  3.96  4.00  3.89  3.51  2.83  2.06  1.46  1.12  0.96  0.97  1.07  1.26  1.39  1.29  1.02  0.72  0.60  0.60  0.60  0.60  0.60  0.60  0.63  0.68  0.65  0.60  1.36  1.80  2.09  2.27  2.38  2.41  2.38  2.27  2.09  1.80  1.36  0.60  0.63  0.70  0.89  1.31  2.00  2.60  2.95  3.06  3.00  2.84  2.66  2.54  2.54  2.74  3.13  3.66  4.23  4.70  4.98  5.01  4.81  4.48  4.14  3.90  3.82
  3.22  3.31  3.33  3.18  2.76  2.16  1.53  1.08  0.85  0.76  0.77  0.86  1.01  1.11  1.03  0.84  0.64  0.60  0.60  0.60  0.60  0.60  0.60  0.61  0.64  0.62  0.85  1.57  1.97  2.24  2.42  2.51  2.55  2.51  2.42  2.24  1.97  1.57  0.85  0.60  0.63  0.74  1.05  1.64  2.23  2.56  2.61  2.47  2.24  2.00  1.94  1.94  2.05  2.48  3.05  3.65  4.13  4.40  4.41  4.19  3.83  3.48  3.24  3.17
  2.55  2.64  2.64  2.46  2.11  1.61  1.13  0.82  0.67  0.65  0.65  0.71  0.82  0.90  0.85  0.72  0.60  0.60  0.60  0.60  0.60  0.60  0.60  0.60  0.62  0.61  1.15  1.75  2.13  2.38  2.55  2.64  2.68  2.64  2.55  2.38  2.13  1.75  1.15  0.60  0.60  0.64  0.86  1.33  1.87  2.16  2.15  1.94  1.72  1.47  1.46  1.46  1.50  1.91  2.43  3.06  3.56  3.82  3.81  3.56  3.18  2.81  2.57  2.50
  1.97  2.04  2.04  1.85  1.58  1.19  0.85  0.67  0.60  0.60  0.60  0.63  0.70  0.76  0.72  0.63  0.60  0.60  0.60  0.60  0.60  0.60  0.60  0.60  0.61  0.60  1.38  1.92  2.27  2.51  2.68  2.77  2.80  2.77  2.68  2.51  2.27  1.92  1.38  0.60  0.60  0.60  0.72  1.07  1.50  1.76  1.70  1.50  1.32  1.10  1.09  1.09  1.11  1.45  1.89  2.47  2.98  3.24  3.21  2.93  2.52  2.14  1.98  1.92
  1.49  1.55  1.54  1.38  1.17  0.88  0.67  0.60  0.60  0.60  0.60  0.60  0.63  0.67  0.65  0.60  0.60  0.60  0.60  0.60  0.60  0.60  0.60  0.60  0.60  0.60  1.57  2.07  2.41  2.64  2.80  2.89  2.92  2.89  2.80  2.64  2.41  2.07  1.57  0.60  0.60  0.60  0.64  0.87  1.20  1.42  1.32  1.16  1.01  0.85  0.83  0.83  0.86  1.09  1.44  1.88  2.40  2.66  2.60  2.29  1.95  1.59  1.50  1.45
  1.12  1.16  1.15  1.04  0.87  0.68  0.60  0.60  0.60  0.60  0.60  0.60  0.60  0.62  0.61  0.60  0.60  0.60  0.60  0.60  0.60  0.60  0.60  0.60  0.60  0.97  1.75  2.21  2.53  2.76  2.91  3.00  3.03  3.00  2.91  2.76  2.53  2.21  1.75  0.97  0.60  0.60  0.60  0.73  0.97  1.13  1.04  0.91  0.79  0.70  0.67  0.67  0.70  0.83  1.09  1.41  1.83  2.07  1.99  1.75  1.48  1.19  1.12  1.09
  0.85  0.87  0.86  0.80  0.68  0.60  0.60  0.60  0.60  0.60  0.60  0.60  0.60  0.60  0.60  0.60  0.60  0.60  0.60  0.60  0.60  0.60  0.60  0.60  0.60  1.22  1.91  2.35  2.65  2.87  3.02  3.11  3.14  3.11  3.02  2.87  2.65  2.35  1.91  1.22  0.60  0.60  0.60  0.64  0.80  0.91  0.84  0.74  0.66  0.62  0.60  0.60  0.62  0.67  0.84  1.06  1.36  1.58  1.50  1.33  1.11  0.91  0.85  0.83
  0.68  0.68  0.68  0.66  0.60  0.60  0.60  0.60  0.60  0.60  0.60  0.60  0.60  0.60  0.60  0.60  0.60  0.60  0.60  0.60  0.60  0.60  0.60  0.60  0.60  1.43  2.06  2.47  2.77  2.99  3.13  3.22  3.24  3.22  3.13  2.99  2.77  2.47  2.06  1.43  0.60  0.60  0.60  0.60  0.69  0.75  0.71  0.64  0.60  0.60  0.60  0.60  0.60  0.60  0.67  0.84  1.04  1.21  1.13  1.01  0.84  0.73  0.68  0.67
  0.60  0.60  0.60  0.60  0.60  0.60  0.60  0.60  0.60  0.60  0.60  0.60  0.60  0.60  0.60  0.60  0.60  0.60  0.60  0.60  0.60  0.60  0.60  0.60  0.60  1.61  2.19  2.59  2.88  3.09  3.23  3.32  3.35  3.32  3.23  3.09  2.88  2.59  2.19  1.61  0.60  0.60  0.60  0.60  0.63  0.64  0.63  0.60  0.60  0.60  0.60  0.60  0.60  0.60  0.60  0.70  0.82  0.93  0.88  0.79  0.67  0.63  0.60  0.60
  0.60  0.60  0.60  0.60  0.60  0.60  0.60  0.60  0.60  0.60  0.60  0.60  0.60  0.60  0.60  0.60  0.60  0.60  0.60  0.60  0.60  0.60  0.60  0.60  0.78  1.77  2.32  2.71  2.99  3.19  3.33  3.42  3.44  3.42  3.33  3.19  2.99  2.71  2.32  1.77  0.78  0.60  0.60  0.60  0.60  0.60  0.60  0.60  0.60  0.60  0.60  0.60  0.60  0.60  0.60  0.62  0.69  0.75  0.72  0.66  0.60  0.60  0.60  0.60
  0.60  0.60  0.60  0.60  0.60  0.60  0.60  0.60  0.60  0.60  0.60  0.60  0.60  0.60  0.60  0.60  0.60  0.60  0.60  0.60  0.60  0.60  0.60  0.60  1.06  1.92  2.44  2.82  3.09  3.29  3.43  3.51  3.54  3.51  3.43  3.29  3.09  2.82  2.44  1.92  1.06  0.60  0.60  0.60  0.60  0.60  0.60  0.60  0.60  0.60  0.60  0.60  0.60  0.60  0.60  0.60  0.62  0.64  0.63  0.60  0.60  0.60  0.60  0.60
  0.60  0.60  0.60  0.60  0.60  0.60  0.60  0.60  0.60  0.60  0.60  0.60  0.60  0.60  0.60  0.60  0.60  0.60  0.60  0.60  0.60  0.60  0.60  0.60  1.28  2.06  2.56  2.92  3.19  3.39  3.53  3.61  3.63  3.61  3.53  3.39  3.19  2.92  2.56  2.06  1.28  0.60  0.60  0.60  0.60  0.60  0.60  0.60  0.60  0.60  0.60  0.60  0.60  0.60  0.60  0.60  0.60  0.60  0.60  0.60  0.60  0.60  0.60  0.60
  0.60  0.60  0.60  0.60  0.60  0.60  0.60  0.60  0.60  0.60  0.60  0.60  0.60  0.60  0.60  0.60  0.60  0.60  0.60  0.60  0.60  0.60  0.60  0.60  1.47  2.19  2.67  3.02  3.29  3.48  3.62  3.70  3.72  3.70  3.62  3.48  3.29  3.02  2.67  2.19  1.47  0.60  0.60  0.60  0.60  0.60  0.60  0.60  0.60  0.60  0.60  0.60  0.60  0.60  0.60  0.60  0.60  0.60  0.60  0.60  0.60  0.60  0.60  0.60
  0.60  0.60  0.60  0.60  0.60  0.60  0.60  0.60  0.60  0.60  0.60  0.60  0.60  0.60  0.60  0.60  0.60  0.60  0.60  0.60  0.60  0.60  0.60  0.60  1.64  2.31  2.78  3.12  3.38  3.58  3.71  3.79  3.81  3.79  3.71  3.58  3.38  3.12  2.78  2.31  1.64  0.60  0.60  0.60  0.60  0.60  0.60  0.60  0.60  0.60  0.60  0.60  0.60  0.60  0.60  0.60  0.60  0.60  0.60  0.60  0.60  0.60  0.60  0.60
  0.60  0.60  0.60  0.60  0.60  0.60  0.60  0.60  0.60  0.60  0.60  0.60  0.60  0.60  0.60  0.60  0.60  0.60  0.60  0.60  0.60  0.60  0.60  0.60  1.79  2.43  2.88  3.22  3.47  3.66  3.79  3.87  3.90  3.87  3.79  3.66  3.47  3.22  2.88  2.43  1.79  0.60  0.60  0.60  0.60  0.60  0.60  0.60  0.60  0.60  0.60  0.60  0.60  0.60  0.60  0.60  0.60  0.60  0.60  0.60  0.60  0.60  0.60  0.60
  0.60  0.60  0.60  0.60  0.60  0.60  0.60  0.60  0.60  0.60  0.60  0.60  0.60  0.60  0.60  0.60  0.60  0.60  0.60  0.60  0.60  0.60  0.60  0.84  1.93  2.54  2.98  3.31  3.56  3.75  3.88  3.96  3.98  3.96  3.88  3.75  3.56  3.31  2.98  2.54  1.93  0.84  0.60  0.60  0.60  0.60  0.60  0.60  0.60  0.60  0.60  0.60  0.60  0.60  0.60  0.60  0.60  0.60  0.60  0.60  0.60  0.60  0.60  0.60
  0.60  0.60  0.60  0.60  0.60  0.60  0.60  0.60  0.60  0.60  0.60  0.60  0.60  0.60  0.60  0.60  0.60  0.60  0.60  0.60  0.60  0.60  0.60  1.09  2.06  2.64  3.07  3.40  3.65  3.84  3.96  4.04  4.06  4.04  3.96  3.84  3.65  3.40  3.07  2.64  2.06  1.09  0.60  0.60  0.60  0.60  0.60  0.60  0.60  0.60  0.60  0.60  0.60  0.60  0.60  0.60  0.60  0.60  0.60  0.60  0.60  0.60  0.60  0.60
  0.60  0.60  0.60  0.60  0.60  0.60  0.60  0.60  0.60  0.60  0.60  0.60  0.60  0.60  0.60  0.60  0.60  0.60  0.60  0.60  0.60  0.60  0.60  1.29  2.18  2.75  3.17  3.49  3.73  3.92  4.04  4.12  4.14  4.12  4.04  3.92  3.73  3.49  3.17  2.75  2.18  1.29  0.60  0.60  0.60  0.60  0.60  0.60  0.60  0.60  0.60  0.60  0.60  0.60  0.60  0.60  0.60  0.60  0.60  0.60  0.60  0.60  0.60  0.60
  0.60  0.60  0.60  0.60  0.60  0.60  0.60  0.60  0.60  0.60  0.60  0.60  0.60  0.60  0.60  0.60  0.60  0.60  0.60  0.60  0.60  0.60  0.60  1.46  2.29  2.84  3.26  3.57  3.82  4.00  4.12  4.20  4.22  4.20  4.12  4.00  3.82  3.57  3.26  2.84  2.29  1.46  0.60  0.60  0.60  0.60  0.60  0.60  0.60  0.60  0.60  0.60  0.60  0.60  0.60  0.60  0.60  0.60  0.60  0.60  0.60  0.60  0.60  0.60
  0.60  0.60  0.60  0.60  0.60  0.60  0.60  0.60  0.60  0.60  0.60  0.60  0.60  0.60  0.60  0.60  0.60  0.60  0.60  0.60  0.60  0.60  0.60  1.62  2.40  2.94  3.34  3.66  3.90  4.08  4.20  4.28  4.30  4.28  4.20  4.08  3.90  3.66  3.34  2.94  2.40  1.62  0.60  0.60  0.60  0.60  0.60  0.60  0.60  0.60  0.60  0.60  0.60  0.60  0.60  0.60  0.60  0.60  0.60  0.60  0.60  0.60  0.60  0.60
  0.60  0.60  0.60  0.60  0.60  0.60  0.60  0.60  0.60  0.60  0.60  0.60  0.60  0.60  0.60  0.60  0.60  0.60  0.60  0.60  0.60  0.60  0.60  1.76  2.51  3.03  3.43  3.74  3.98  4.15  4.28  4.35  4.38  4.35  4.28  4.15  3.98  3.74  3.43  3.03  2.51  1.76  0.60  0.60  0.60  0.60  0.60  0.60  0.60  0.60  0.60  0.60  0.60  0.60  0.60  0.60  0.60  0.60  0.60  0.60  0.60  0.60  0.60  0.60
  0.60  0.60  0.60  0.60  0.60  0.60  0.60  0.60  0.60  0.60  0.60  0.60  0.60  0.60  0.60  0.60  0.60  0.60  0.60  0.60  0.60  0.60  0.60  1.89  2.61  3.12  3.51  3.82  4.05  4.23  4.35  4.43  4.45  4.43  4.35  4.23  4.05  3.82  3.51  3.12  2.61  1.89  0.60  0.60  0.60  0.60  0.60  0.60  0.60  0.60  0.60  0.60  0.60  0.60  0.60  0.60  0.60  0.60  0.60  0.60  0.60  0.60  0.60  0.60
  0.60  0.60  0.60  0.60  0.60  0.60  0.60  0.60  0.60  0.60  0.60  0.60  0.60  0.60  0.60  0.60  0.60  0.60  0.60  0.60  0.60  0.60  0.73  2.02  2.71  3.21  3.59  3.89  4.13  4.30  4.43  4.50  4.52  4.50  4.43  4.30  4.13  3.89  3.59  3.21  2.71  2.02  0.73  0.60  0.60  0.60  0.60  0.60  0.60  0.60  0.60  0.60  0.60  0.60  0.60  0.60  0.60  0.60  0.60  0.60  0.60  0.60  0.60  0.60
  0.60  0.60  0.60  0.60  0.60  0.60  0.60  0.60  0.60  0.60  0.60  0.60  0.60  0.60  0.60  0.60  0.60  0.60  0.60  0.60  0.60  0.60  0.98  2.13  2.80  3.29  3.67  3.97  4.20  4.38  4.50  4.57  4.59  4.57  4.50  4.38  4.20  3.97  3.67  3.29  2.80  2.13  0.98  0.60  0.60  0.60  0.60  0.60  0.60  0.60  0.60  0.60  0.60  0.60  0.60  0.60  0.60  0.60  0.60  0.60  0.60  0.60  0.60  0.60
  0.60  0.60  0.60  0.60  0.60  0.60  0.60  0.60  0.60  0.60  0.60  0.60  0.60  0.60  0.60  0.60  0.60  0.60  0.60  0.60  0.60  0.60  1.19  2.24  2.89  3.37  3.75  4.04  4.27  4.45  4.57  4.64  4.66  4.64  4.57  4.45  4.27  4.04  3.75  3.37  2.89  2.24  1.19  0.60  0.60  0.60  0.60  0.60  0.60  0.60  0.60  0.60  0.60  0.60  0.60  0.60  0.60  0.60  0.60  0.60  0.60  0.60  0.60  0.60
  0.60  0.60  0.60  0.60  0.60  0.60  0.60  0.60  0.60  0.60  0.60  0.60  0.60  0.60  0.60  0.60  0.60  0.60  0.60  0.60  0.60  0.60  1.36  2.34  2.98  3.45  3.82  4.12  4.35  4.52  4.64  4.71  4.73  4.71  4.64  4.52  4.35  4.12  3.82  3.45  2.98  2.34  1.36  0.60  0.60  0.60  0.60  0.60  0.60  0.60  0.60  0.60  0.60  0.60  0.60  0.60  0.60  0.60  0.60  0.60  0.60  0.60  0.60  0.60
  0.60  0.60  0.60  0.60  0.60  0.60  0.60  0.60  0.60  0.60  0.60  0.60  0.60  0.60  0.60  0.60  0.60  0.60  0.60  0.60  0.60  0.60  1.51  2.44  3.06  3.53  3.90  4.19  4.42  4.59  4.71  4.78  4.80  4.78  4.71  4.59  4.42  4.19  3.90  3.53  3.06  2.44  1.51  0.60  0.60  0.60  0.60  0.60  0.60  0.60  0.60  0.60  0.60  0.60  0.60  0.60  0.60  0.60  0.60  0.60  0.60  0.60  0.60  0.60
  0.60  0.60  0.60  0.60  0.60  0.60  0.60  0.60  0.60  0.60  0.60  0.60  0.60  0.60  0.60  0.60  0.60  0.60  0.60  0.60  0.60  0.60  1.65  2.54  3.14  3.60  3.97  4.26  4.48  4.65  4.77  4.84  4.87  4.84  4.77  4.65  4.48  4.26  3.97  3.60  3.14  2.54  1.65  0.60  0.60  0.60  0.60  0.60  0.60  0.60  0.60  0.60  0.60  0.60  0.60  0.60  0.60  0.60  0.60  0.60  0.60  0.60  0.60  0.60
  0.60  0.60  0.60  0.60  0.60  0.60  0.60  0.60  0.60  0.60  0.60  0.60  0.60  0.60  0.60  0.60  0.60  0.60  0.60  0.60  0.60  0.60  1.78  2.63  3.22  3.68  4.04  4.33  4.55  4.72  4.84  4.91  4.93  4.91  4.84  4.72  4.55  4.33  4.04  3.68  3.22  2.63  1.78  0.60  0.60  0.60  0.60  0.60  0.60  0.60  0.60  0.60  0.60  0.60  0.60  0.60  0.60  0.60  0.60  0.60  0.60  0.60  0.60  0.60
  0.60  0.60  0.60  0.60  0.60  0.60  0.60  0.60  0.60  0.60  0.60  0.60  0.60  0.60  0.60  0.60  0.60  0.60  0.60  0.60  0.60  0.60  1.90  2.72  3.30  3.75  4.11  4.39  4.62  4.79  4.90  4.98  5.00  4.98  4.90  4.79  4.62  4.39  4.11  3.75  3.30  2.72  1.90  0.60  0.60  0.60  0.60  0.60  0.60  0.60  0.60  0.60  0.60  0.60  0.60  0.60  0.60  0.60  0.60  0.60  0.60  0.60  0.60  0.60
  0.60  0.60  0.60  0.60  0.60  0.60  0.60  0.60  0.60  0.60  0.60  0.60  0.60  0.60  0.60  0.60  0.60  0.60  0.60  0.60  0.60  0.60  2.01  2.81  3.38  3.82  4.18  4.46  4.68  4.85  4.97  5.04  5.06  5.04  4.97  4.85  4.68  4.46  4.18  3.82  3.38  2.81  2.01  0.60  0.60  0.60  0.60  0.60  0.60  0.60  0.60  0.60  0.60  0.60  0.60  0.60  0.60  0.60  0.60  0.60  0.60  0.60  0.60  0.60
  0.60  0.60  0.60  0.60  0.60  0.60  0.60  0.60  0.60  0.60  0.60  0.60  0.60  0.60  0.60  0.60  0.60  0.60  0.60  0.60  0.60  0.60  2.12  2.89  3.45  3.89  4.24  4.53  4.75  4.91  5.03  5.10  5.12  5.10  5.03  4.91  4.75  4.53  4.24  3.89  3.45  2.89  2.12  0.60  0.60  0.60  0.60  0.60  0.60  0.60  0.60  0.60  0.60  0.60  0.60  0.60  0.60  0.60  0.60  0.60  0.60  0.60  0.60  0.60
  0.60  0.60  0.60  0.60  0.60  0.60  0.60  0.60  0.60  0.60  0.60  0.60  0.60  0.60  0.60  0.60  0.60  0.60  0.60  0.60  0.60  0.88  2.22  2.97  3.52  3.96  4.31  4.59  4.81  4.98  5.09  5.16  5.19  5.16  5.09  4.98  4.81  4.59  4.31  3.96  3.52  2.97  2.22  0.88  0.60  0.60  0.60  0.60  0.60  0.60  0.60  0.60  0.60  0.60  0.60  0.60  0.60  0.60  0.60  0.60  0.60  0.60  0.60  0.60
  0.60  0.60  0.60  0.60  0.60  0.60  0.60  0.60  0.60  0.60  0.60  0.60  0.60  0.60  0.60  0.60  0.60  0.60  0.60  0.60  0.60  1.09  2.32  3.05  3.60  4.03  4.37  4.65  4.87  5.04  5.15  5.22  5.25  5.22  5.15  5.04  4.87  4.65  4.37  4.03  3.60  3.05  2.32  1.09  0.60  0.60  0.60  0.60  0.60  0.60  0.60  0.60  0.60  0.60  0.60  0.60  0.60  0.60  0.60  0.60  0.60  0.60  0.60  0.60
  0.60  0.60  0.60  0.60  0.60  0.60  0.60  0.60  0.60  0.60  0.60  0.60  0.60  0.60  0.60  0.60  0.60  0.60  0.60  0.60  0.60  1.26  2.41  3.13  3.67  4.09  4.44  4.71  4.93  5.10  5.21  5.28  5.31  5.28  5.21  5.10  4.93  4.71  4.44  4.09  3.67  3.13  2.41  1.26  0.60  0.60  0.60  0.60  0.60  0.60  0.60  0.60  0.60  0.60  0.60  0.60  0.60  0.60  0.60  0.60  0.60  0.60  0.60  0.60
  0.60  0.60  0.60  0.60  0.60  0.60  0.60  0.60  0.60  0.60  0.60  0.60  0.60  0.60  0.60  0.60  0.60  0.60  0.60  0.60  0.60  1.41  2.50  3.20  3.73  4.16  4.50  4.78  4.99  5.16  5.27  5.34  5.37  5.34  5.27  5.16  4.99  4.78  4.50  4.16  3.73  3.20  2.50  1.41  0.60  0.60  0.60  0.60  0.60  0.60  0.60  0.60  0.60  0.60  0.60  0.60  0.60  0.60  0.60  0.60  0.60  0.60  0.60  0.60
  0.60  0.60  0.60  0.60  0.60  0.60  0.60  0.60  0.60  0.60  0.60  0.60  0.60  0.60  0.60  0.60  0.60  0.60  0.60  0.60  0.60  1.55  2.59  3.27  3.80  4.22  4.56  4.84  5.05  5.22  5.33  5.40  5.42  5.40  5.33  5.22  5.05  4.84  4.56  4.22  3.80  3.27  2.59  1.55  0.60  0.60  0.60  0.60  0.60  0.60  0.60  0.60  0.60  0.60  0.60  0.60  0.60  0.60  0.60  0.60  0.60  0.60  0.60  0.60
  0.60  0.60  0.60  0.60  0.60  0.60  0.60  0.60  0.60  0.60  0.60  0.60  0.60  0.60  0.60  0.60  0.60  0.60  0.60  0.60  0.60  1.67  2.67  3.35  3.87  4.28  4.62  4.89  5.11  5.27  5.39  5.46  5.48  5.46  5.39  5.27  5.11  4.89  4.62  4.28  3.87  3.35  2.67  1.67  0.60  0.60  0.60  0.60  0.60  0.60  0.60  0.60  0.60  0.60  0.60  0.60  0.60  0.60  0.60  0.60  0.60  0.60  0.60  0.60
  0.60  0.60  0.60  0.60  0.60  0.60  0.60  0.60  0.60  0.60  0.60  0.60  0.60  0.60  0.60  0.60  0.60  0.60  0.60  0.60  0.60  1.79  2.75  3.42  3.93  4.34  4.68  4.95  5.17  5.33  5.45  5.52  5.54  5.52  5.45  5.33  5.17  4.95  4.68  4.34  3.93  3.42  2.75  1.79  0.60  0.60  0.60  0.60  0.60  0.60  0.60  0.60  0.60  0.60  0.60  0.60  0.60  0.60  0.60  0.60  0.60  0.60  0.60  0.60
  0.60  0.60  0.60  0.60  0.60  0.60  0.60  0.60  0.60  0.60  0.60  0.60  0.60  0.60  0.60  0.60  0.60  0.60  0.60  0.60  0.60  1.90  2.83  3.48  3.99  4.40  4.74  5.01  5.22  5.39  5.50  5.57  5.59  5.57  5.50  5.39  5.22  5.01  4.74  4.40  3.99  3.48  2.83  1.90  0.60  0.60  0.60  0.60  0.60  0.60  0.60  0.60  0.60  0.60  0.60  0.60  0.60  0.60  0.60  0.60  0.60  0.60  0.60  0.60
  0.60  0.60  0.60  0.60  0.60  0.60  0.60  0.60  0.60  0.60  0.60  0.60  0.60  0.60  0.60  0.60  0.60  0.60  0.60  0.60  0.60  2.00  2.91  3.55  4.06  4.46  4.80  5.07  5.28  5.44  5.56  5.63  5.65  5.63  5.56  5.44  5.28  5.07  4.80  4.46  4.06  3.55  2.91  2.00  0.60  0.60  0.60  0.60  0.60  0.60  0.60  0.60  0.60  0.60  0.60  0.60  0.60  0.60  0.60  0.60  0.60  0.60  0.60  0.60
  0.60  0.60  0.60  0.60  0.60  0.60  0.60  0.60  0.60  0.60  0.60  0.60  0.60  0.60  0.60  0.60  0.60  0.60  0.60  0.60  0.60  2.10  2.98  3.62  4.12  4.52  4.85  5.12  5.34  5.50  5.61  5.68  5.70  5.68  5.61  5.50  5.34  5.12  4.85  4.52  4.12  3.62  2.98  2.10  0.60  0.60  0.60  0.60  0.60  0.60  0.60  0.60  0.60  0.60  0.60  0.60  0.60  0.60  0.60  0.60  0.60  0.60  0.60  0.60
  0.60  0.60  0.60  0.60  0.60  0.60  0.60  0.60  0.60  0.60  0.60  0.60  0.60  0.60  0.60  0.60  0.60  0.60  0.60  0.60  0.60  2.19  3.05  3.68  4.18  4.58  4.91  5.18  5.39  5.55  5.67  5.73  5.76  5.73  5.67  5.55  5.39  5.18  4.91  4.58  4.18  3.68  3.05  2.19  0.60  0.60  0.60  0.60  0.60  0.60  0.60  0.60  0.60  0.60  0.60  0.60  0.60  0.60  0.60  0.60  0.60  0.60  0.60  0.60
  0.60  0.60  0.60  0.60  0.60  0.60  0.60  0.60  0.60  0.60  0.60  0.60  0.60  0.60  0.60  0.60  0.60  0.60  0.60  0.60  0.60  2.28  3.12  3.74  4.23  4.64  4.96  5.23  5.44  5.61  5.72  5.79  5.81  5.79  5.72  5.61  5.44  5.23  4.96  4.64  4.23  3.74  3.12  2.28  0.60  0.60  0.60  0.60  0.60  0.60  0.60  0.60  0.60  0.60  0.60  0.60  0.60  0.60  0.60  0.60  0.60  0.60  0.60  0.60
  0.60  0.60  0.60  0.60  0.60  0.60  0.60  0.60  0.60  0.60  0.60  0.60  0.60  0.60  0.60  0.60  0.60  0.60  0.60  0.60  0.88  2.37  3.19  3.80  4.29  4.69  5.02  5.29  5.50  5.66  5.77  5.84  5.86  5.84  5.77  5.66  5.50  5.29  5.02  4.69  4.29  3.80  3.19  2.37  0.88  0.60  0.60  0.60  0.60  0.60  0.60  0.60  0.60  0.60  0.60  0.60  0.60  0.60  0.60  0.60  0.60  0.60  0.60  0.60
  0.60  0.60  0.60  0.60  0.60  0.60  0.60  0.60  0.60  0.60  0.60  0.60  0.60  0.60  0.60  0.60  0.60  0.60  0.60  0.60  1.07  2.45  3.26  3.86  4.35  4.75  5.07  5.34  5.55  5.71  5.82  5.89  5.91  5.89  5.82  5.71  5.55  5.34  5.07  4.75  4.35  3.86  3.26  2.45  1.07  0.60  0.60  0.60  0.60  0.60  0.60  0.60  0.60  0.60  0.60  0.60  0.60  0.60  0.60  0.60  0.60  0.60  0.60  0.60
  0.60  0.60  0.60  0.60  0.60  0.60  0.60  0.60  0.60  0.60  0.60  0.60  0.60  0.60  0.60  0.60  0.60  0.60  0.60  0.60  1.23  2.53  3.32  3.92  4.41  4.80  5.13  5.39  5.60  5.76  5.87  5.94  5.96  5.94  5.87  5.76  5.60  5.39  5.13  4.80  4.41  3.92  3.32  2.53  1.23  0.60  0.60  0.60  0.60  0.60  0.60  0.60  0.60  0.60  0.60  0.60  0.60  0.60  0.60  0.60  0.60  0.60  0.60  0.60
  0.60  0.60  0.60  0.60  0.60  0.60  0.60  0.60  0.60  0.60  0.60  0.60  0.60  0.60  0.60  0.60  0.60  0.60  0.60  0.60  1.37  2.61  3.39  3.98  4.46  4.85  5.18  5.44  5.65  5.81  5.92  5.99  6.01  5.99  5.92  5.81  5.65  5.44  5.18  4.85  4.46  3.98  3.39  2.61  1.37  0.60  0.60  0.60  0.60  0.60  0.60  0.60  0.60  0.60  0.60  0.60  0.60  0.60  0.60  0.60  0.60  0.60  0.60  0.60
  0.60  0.60  0.60  0.60  0.60  0.60  0.60  0.60  0.60  0.60  0.60  0.60  0.60  0.60  0.60  0.60  0.60  0.60  0.60  0.60  1.50  2.68  3.45  4.04  4.51  4.91  5.23  5.49  5.70  5.86  5.97  6.04  6.06  6.04  5.97  5.86  5.70  5.49  5.23  4.91  4.51  4.04  3.45  2.68  1.50  0.60  0.60  0.60  0.60  0.60  0.60  0.60  0.60  0.60  0.60  0.60  0.60  0.60  0.60  0.60  0.60  0.60  0.60  0.60
  0.60  0.60  0.60  0.60  0.60  0.60  0.60  0.60  0.60  0.60  0.60  0.60  0.60  0.60  0.60  0.60  0.60  0.60  0.60  0.60  1.61  2.76  3.51  4.10  4.57  4.96  5.28  5.54  5.75  5.91  6.02  6.09  6.11  6.09  6.02  5.91  5.75  5.54  5.28  4.96  4.57  4.10  3.51  2.76  1.61  0.60  0.60  0.60  0.60  0.60  0.60  0.60  0.60  0.60  0.60  0.60  0.60  0.60  0.60  0.60  0.60  0.60  0.60  0.60
  0.60  0.60  0.60  0.60  0.60  0.60  0.60  0.60  0.60  0.60  0.60  0.60  0.60  0.60  0.60  0.60  0.60  0.60  0.60  0.60  1.72  2.83  3.57  4.15  4.62  5.01  5.33  5.59  5.80  5.96  6.07  6.14  6.16  6.14  6.07  5.96  5.80  5.59  5.33  5.01  4.62  4.15  3.57  2.83  1.72  0.60  0.60  0.60  0.60  0.60  0.60  0.60  0.60  0.60  0.60  0.60  0.60  0.60  0.60  0.60  0.60  0.60  0.60  0.60
  0.60  0.60  0.60  0.60  0.60  0.60  0.60  0.60  0.60  0.60  0.60  0.60  0.60  0.60  0.60  0.60  0.60  0.60  0.60  0.60  1.83  2.90  3.63  4.21  4.67  5.06  5.38  5.64  5.85  6.01  6.12  6.19  6.21  6.19  6.12  6.01  5.85  5.64  5.38  5.06  4.67  4.21  3.63  2.90  1.83  0.60  0.60  0.60  0.60  0.60  0.60  0.60  0.60  0.60  0.60  0.60  0.60  0.60  0.60  0.60  0.60  0.60  0.60  0.60
  0.60  0.60  0.60  0.60  0.60  0.60  0.60  0.60  0.60  0.60  0.60  0.60  0.60  0.60  0.60  0.60  0.60  0.60  0.60  0.60  1.92  2.97  3.69  4.26  4.72  5.11  5.43  5.69  5.90  6.05  6.17  6.23  6.26  6.23  6.17  6.05  5.90  5.69  5.43  5.11  4.72  4.26  3.69  2.97  1.92  0.60  0.60  0.60  0.60  0.60  0.60  0.60  0.60  0.60  0.60  0.60  0.60  0.60  0.60  0.60  0.60  0.60  0.60  0.60
  0.60  0.60  0.60  0.60  0.60  0.60  0.60  0.60  0.60  0.60  0.60  0.60  0.60  0.60  0.60  0.60  0.60  0.60  0.60  0.60  2.02  3.03  3.75  4.31  4.77  5.16  5.48  5.74  5.94  6.10  6.21  6.28  6.30  6.28  6.21  6.10  5.94  5.74  5.48  5.16  4.77  4.31  3.75  3.03  2.02  0.60  0.60  0.60  0.60  0.60  0.60  0.60  0.60  0.60  0.60  0.60  0.60  0.60  0.60  0.60  0.60  0.60  0.60  0.60
  0.60  0.60  0.60  0.60  0.60  0.60  0.60  0.60  0.60  0.60  0.60  0.60  0.60  0.60  0.60  0.60  0.60  0.60  0.60  0.60  2.10  3.10  3.80  4.36  4.82  5.21  5.52  5.78  5.99  6.15  6.26  6.33  6.35  6.33  6.26  6.15  5.99  5.78  5.52  5.21  4.82  4.36  3.80  3.10  2.10  0.60  0.60  0.60  0.60  0.60  0.60  0.60  0.60  0.60  0.60  0.60  0.60  0.60  0.60  0.60  0.60  0.60  0.60  0.60
  0.60  0.60  0.60  0.60  0.60  0.60  0.60  0.60  0.60  0.60  0.60  0.60  0.60  0.60  0.60  0.60  0.60  0.60  0.60  0.60  2.19  3.16  3.86  4.42  4.87  5.25  5.57  5.83  6.03  6.19  6.30  6.37  6.39  6.37  6.30  6.19  6.03  5.83  5.57  5.25  4.87  4.42  3.86  3.16  2.19  0.60  0.60  0.60  0.60  0.60  0.60  0.60  0.60  0.60  0.60  0.60  0.60  0.60  0.60  0.60  0.60  0.60  0.60  0.60
  0.60  0.60  0.60  0.60  0.60  0.60  0.60  0.60  0.60  0.60  0.60  0.60  0.60  0.60  0.60  0.60  0.60  0.60  0.60  0.60  2.27  3.22  3.91  4.47  4.92  5.30  5.62  5.87  6.08  6.24  6.35  6.42  6.44  6.42  6.35  6.24  6.08  5.87  5.62  5.30  4.92  4.47  3.91  3.22  2.27  0.60  0.60  0.60  0.60  0.60  0.60  0.60  0.60  0.60  0.60  0.60  0.60  0.60  0.60  0.60  0.60  0.60  0.60  0.60
  0.60  0.60  0.60  0.60  0.60  0.60  0.60  0.60  0.60  0.60  0.60  0.60  0.60  0.60  0.60  0.60  0.60  0.60  0.60  0.60  2.35  3.28  3.97  4.52  4.97  5.35  5.66  5.92  6.12  6.28  6.39  6.46  6.48  6.46  6.39  6.28  6.12  5.92  5.66  5.35  4.97  4.52  3.97  3.28  2.35  0.60  0.60  0.60  0.60  0.60  0.60  0.60  0.60  0.60  0.60  0.60  0.60  0.60  0.60  0.60  0.60  0.60  0.60  0.60
  0.60  0.60  0.60  0.60  0.60  0.60  0.60  0.60  0.60  0.60  0.60  0.60  0.60  0.60  0.60  0.60  0.60  0.60  0.60  0.60  2.43  3.34  4.02  4.57  5.02  5.39  5.71  5.96  6.17  6.33  6.44  6.50  6.53  6.50  6.44  6.33  6.17  5.96  5.71  5.39  5.02  4.57  4.02  3.34  2.43  0.60  0.60  0.60  0.60  0.60  0.60  0.60  0.60  0.60  0.60  0.60  0.60  0.60  0.60  0.60  0.60  0.60  0.60  0.60
  0.60  0.60  0.60  0.60  0.60  0.60  0.60  0.60  0.60  0.60  0.60  0.60  0.60  0.60  0.60  0.60  0.60  0.60  0.60  0.85  2.50  3.40  4.07  4.61  5.06  5.44  5.75  6.01  6.21  6.37  6.48  6.55  6.57  6.55  6.48  6.37  6.21  6.01  5.75  5.44  5.06  4.61  4.07  3.40  2.50  0.85  0.60  0.60  0.60  0.60  0.60  0.60  0.60  0.60  0.60  0.60  0.60  0.60  0.60  0.60  0.60  0.60  0.60  0.60
  0.60  0.60  0.60  0.60  0.60  0.60  0.60  0.60  0.60  0.60  0.60  0.60  0.60  0.60  0.60  0.60  0.60  0.60  0.60  1.03  2.57  3.46  4.12  4.66  5.11  5.48  5.79  6.05  6.26  6.41  6.52  6.59  6.61  6.59  6.52  6.41  6.26  6.05  5.79  5.48  5.11  4.66  4.12  3.46  2.57  1.03  0.60  0.60  0.60  0.60  0.60  0.60  0.60  0.60  0.60  0.60  0.60  0.60  0.60  0.60  0.60  0.60  0.60  0.60
  0.60  0.60  0.60  0.60  0.60  0.60  0.60  0.60  0.60  0.60  0.60  0.60  0.60  0.60  0.60  0.60  0.60  0.60  0.60  1.18  2.64  3.51  4.17  4.71  5.15  5.53  5.84  6.09  6.30  6.45  6.57  6.63  6.65  6.63  6.57  6.45  6.30  6.09  5.84  5.53  5.15  4.71  4.17  3.51  2.64  1.18  0.60  0.60  0.60  0.60  0.60  0.60  0.60  0.60  0.60  0.60  0.60  0.60  0.60  0.60  0.60  0.60  0.60  0.60
  0.60  0.60  0.60  0.60  0.60  0.60  0.60  0.60  0.60  0.60  0.60  0.60  0.60  0.60  0.60  0.60  0.60  0.60  0.60  1.31  2.71  3.57  4.22  4.76  5.20  5.57  5.88  6.14  6.34  6.50  6.61  6.67  6.69  6.67  6.61  6.50  6.34  6.14  5.88  5.57  5.20  4.76  4.22  3.57  2.71  1.31  0.60  0.60  0.60  0.60  0.60  0.60  0.60  0.60  0.60  0.60  0.60  0.60  0.60  0.60  0.60  0.60  0.60  0.60
  0.60  0.60  0.60  0.60  0.60  0.60  0.60  0.60  0.60  0.60  0.60  0.60  0.60  0.60  0.60  0.60  0.60  0.60  0.60  1.43  2.77  3.62  4.27  4.80  5.24  5.61  5.92  6.18  6.38  6.54  6.65  6.71  6.74  6.71  6.65  6.54  6.38  6.18  5.92  5.61  5.24  4.80  4.27  3.62  2.77  1.43  0.60  0.60  0.60  0.60  0.60  0.60  0.60  0.60  0.60  0.60  0.60  0.60  0.60  0.60  0.60  0.60  0.60  0.60
  0.60  0.60  0.60  0.60  0.60  0.60  0.60  0.60  0.60  0.60  0.60  0.60  0.60  0.60  0.60  0.60  0.60  0.60  0.60  1.54  2.84  3.67  4.32  4.85  5.29  5.66  5.97  6.22  6.42  6.58  6.69  6.75  6.78  6.75  6.69  6.58  6.42  6.22  5.97  5.66  5.29  4.85  4.32  3.67  2.84  1.54  0.60  0.60  0.60  0.60  0.60  0.60  0.60  0.60  0.60  0.60  0.60  0.60  0.60  0.60  0.60  0.60  0.60  0.60
  0.60  0.60  0.60  0.60  0.60  0.60  0.60  0.60  0.60  0.60  0.60  0.60  0.60  0.60  0.60  0.60  0.60  0.60  0.60  1.65  2.90  3.73  4.37  4.89  5.33  5.70  6.01  6.26  6.46  6.62  6.73  6.79  6.82  6.79  6.73  6.62  6.46  6.26  6.01  5.70  5.33  4.89  4.37  3.73  2.90  1.65  0.60  0.60  0.60  0.60  0.60  0.60  0.60  0.60  0.60  0.60  0.60  0.60  0.60  0.60  0.60  0.60  0.60  0.60
  0.60  0.60  0.60  0.60  0.60  0.60  0.60  0.60  0.60  0.60  0.60  0.60  0.60  0.60  0.60  0.60  0.60  0.60  0.60  1.74  2.96  3.78  4.41  4.94  5.37  5.74  6.05  6.30  6.50  6.66  6.77  6.83  6.86  6.83  6.77  6.66  6.50  6.30  6.05  5.74  5.37  4.94  4.41  3.78  2.96  1.74  0.60  0.60  0.60  0.60  0.60  0.60  0.60  0.60  0.60  0.60  0.60  0.60  0.60  0.60  0.60  0.60  0.60  0.60
  0.60  0.60  0.60  0.60  0.60  0.60  0.60  0.60  0.60  0.60  0.60  0.60  0.60  0.60  0.60  0.60  0.60  0.60  0.60  1.84  3.02  3.83  4.46  4.98  5.41  5.78  6.09  6.34  6.54  6.70  6.81  6.87  6.90  6.87  6.81  6.70  6.54  6.34  6.09  5.78  5.41  4.98  4.46  3.83  3.02  1.84  0.60  0.60  0.60  0.60  0.60  0.60  0.60  0.60  0.60  0.60  0.60  0.60  0.60  0.60  0.60  0.60  0.60  0.60
  0.60  0.60  0.60  0.60  0.60  0.60  0.60  0.60  0.60  0.60  0.60  0.60  0.60  0.60  0.60  0.60  0.60  0.60  0.60  1.92  3.08  3.88  4.50  5.02  5.46  5.82  6.13  6.38  6.58  6.74  6.85  6.91  6.93  6.91  6.85  6.74  6.58  6.38  6.13  5.82  5.46  5.02  4.50  3.88  3.08  1.92  0.60  0.60  0.60  0.60  0.60  0.60  0.60  0.60  0.60  0.60  0.60  0.60  0.60  0.60  0.60  0.60  0.60  0.60
  0.60  0.60  0.60  0.60  0.60  0.60  0.60  0.60  0.60  0.60  0.60  0.60  0.60  0.60  0.60  0.60  0.60  0.60  0.60  2.01  3.14  3.93  4.55  5.06  5.50  5.86  6.17  6.42  6.62  6.78  6.88  6.95  6.97  6.95  6.88  6.78  6.62  6.42  6.17  5.86  5.50  5.06  4.55  3.93  3.14  2.01  0.60  0.60  0.60  0.60  0.60  0.60  0.60  0.60  0.60  0.60  0.60  0.60  0.60  0.60  0.60  0.60  0.60  0.60
  0.60  0.60  0.60  0.60  0.60  0.60  0.60  0.60  0.60  0.60  0.60  0.60  0.60  0.60  0.60  0.60  0.60  0.60  0.60  2.09  3.19  3.97  4.59  5.11  5.54  5.90  6.21  6.46  6.66  6.81  6.92  6.99  7.01  6.99  6.92  6.81  6.66  6.46  6.21  5.90  5.54  5.11  4.59  3.97  3.19  2.09  0.60  0.60  0.60  0.60  0.60  0.60  0.60  0.60  0.60  0.60  0.60  0.60  0.60  0.60  0.60  0.60  0.60  0.60
  0.60  0.60  0.60  0.60  0.60  0.60  0.60  0.60  0.60  0.60  0.60  0.60  0.60  0.60  0.60  0.60  0.60  0.60  0.60  2.17  3.25  4.02  4.64  5.15  5.58  5.94  6.24  6.49  6.70  6.85  6.96  7.03  7.05  7.03  6.96  6.85  6.70  6.49  6.24  5.94  5.58  5.15  4.64  4.02  3.25  2.17  0.60  0.60  0.60  0.60  0.60  0.60  0.60  0.60  0.60  0.60  0.60  0.60  0.60  0.60  0.60  0.60  0.60  0.60
  0.60  0.60  0.60  0.60  0.60  0.60  0.60  0.60  0.60  0.60  0.60  0.60  0.60  0.60  0.60  0.60  0.60  0.60  0.60  2.24  3.30  4.07  4.68  5.19  5.62  5.98  6.28  6.53  6.73  6.89  7.00  7.06  7.08  7.06  7.00  6.89  6.73  6.53  6.28  5.98  5.62  5.19  4.68  4.07  3.30  2.24  0.60  0.60  0.60  0.60  0.60  0.60  0.60  0.60  0.60  0.60  0.60  0.60  0.60  0.60  0.60  0.60  0.60  0.60
  0.60  0.60  0.60  0.60  0.60  0.60  0.60  0.60  0.60  0.60  0.60  0.60  0.60  0.60  0.60  0.60  0.60  0.60  0.60  2.31  3.36  4.11  4.72  5.23  5.66  6.02  6.32  6.57  6.77  6.92  7.03  7.10  7.12  7.10  7.03  6.92  6.77  6.57  6.32  6.02  5.66  5.23  4.72  4.11  3.36  2.31  0.60  0.60  0.60  0.60  0.60  0.60  0.60  0.60  0.60  0.60  0.60  0.60  0.60  0.60  0.60  0.60  0.60  0.60
  0.60  0.60  0.60  0.60  0.60  0.60  0.60  0.60  0.60  0.60  0.60  0.60  0.60  0.60  0.60  0.60  0.60  0.60  0.60  2.38  3.41  4.16  4.76  5.27  5.69  6.05  6.36  6.61  6.81  6.96  7.07  7.13  7.16  7.13  7.07  6.96  6.81  6.61  6.36  6.05  5.69  5.27  4.76  4.16  3.41  2.38  0.60  0.60  0.60  0.60  0.60  0.60  0.60  0.60  0.60  0.60  0.60  0.60  0.60  0.60  0.60  0.60  0.60  0.60
  0.60  0.60  0.60  0.60  0.60  0.60  0.60  0.60  0.60  0.60  0.60  0.60  0.60  0.60  0.60  0.60  0.60  0.60  0.60  2.45  3.46  4.20  4.81  5.31  5.73  6.09  6.39  6.64  6.84  7.00  7.10  7.17  7.19  7.17  7.10  7.00  6.84  6.64  6.39  6.09  5.73  5.31  4.81  4.20  3.46  2.45  0.60  0.60  0.60  0.60  0.60  0.60  0.60  0.60  0.60  0.60  0.60  0.60  0.60  0.60  0.60  0.60  0.60  0.60
  0.60  0.60  0.60  0.60  0.60  0.60  0.60  0.60  0.60  0.60  0.60  0.60  0.60  0.60  0.60  0.60  0.60  0.60  0.60  2.52  3.51  4.25  4.85  5.35  5.77  6.13  6.43  6.68  6.88  7.03  7.14  7.20  7.23  7.20  7.14  7.03  6.88  6.68  6.43  6.13  5.77  5.35  4.85  4.25  3.51  2.52  0.60  0.60  0.60  0.60  0.60  0.60  0.60  0.60  0.60  0.60  0.60  0.60  0.60  0.60  0.60  0.60  0.60  0.60
  0.60  0.60  0.60  0.60  0.60  0.60  0.60  0.60  0.60  0.60  0.60  0.60  0.60  0.60  0.60  0.60  0.60  0.60  0.70  2.58  3.56  4.29  4.89  5.38  5.81  6.16  6.46  6.71  6.91  7.07  7.17  7.24  7.26  7.24  7.17  7.07  6.91  6.71  6.46  6.16  5.81  5.38  4.89  4.29  3.56  2.58  0.70  0.60  0.60  0.60  0.60  0.60  0.60  0.60  0.60  0.60  0.60  0.60  0.60  0.60  0.60  0.60  0.60  0.60
  0.60  0.60  0.60  0.60  0.60  0.60  0.60  0.60  0.60  0.60  0.60  0.60  0.60  0.60  0.60  0.60  0.60  0.60  0.89  2.64  3.61  4.33  4.93  5.42  5.84  6.20  6.50  6.75  6.95  7.10  7.21  7.27  7.29  7.27  7.21  7.10  6.95  6.75  6.50  6.20  5.84  5.42  4.93  4.33  3.61  2.64  0.89  0.60  0.60  0.60  0.60  0.60  0.60  0.60  0.60  0.60  0.60  0.60  0.60  0.60  0.60  0.60  0.60  0.60
  0.60  0.60  0.60  0.60  0.60  0.60  0.60  0.60  0.60  0.60  0.60  0.60  0.60  0.60  0.60  0.60  0.60  0.60  1.05  2.71  3.65  4.38  4.97  5.46  5.88  6.23  6.53  6.78  6.98  7.13  7.24  7.31  7.33  7.31  7.24  7.13  6.98  6.78  6.53  6.23  5.88  5.46  4.97  4.38  3.66  2.71  1.05  0.60  0.60  0.60  0.60  0.60  0.60  0.60  0.60  0.60  0.60  0.60  0.60  0.60  0.60  0.60  0.60  0.60
  0.60  0.60  0.60  0.60  0.60  0.60  0.60  0.60  0.60  0.60  0.60  0.60  0.60  0.60  0.60  0.60  0.60  0.60  1.18  2.77  3.70  4.42  5.00  5.50  5.91  6.27  6.57  6.82  7.01  7.17  7.28  7.34  7.36  7.34  7.28  7.17  7.01  6.82  6.57  6.27  5.91  5.50  5.00  4.42  3.70  2.77  1.18  0.60  0.60  0.60  0.60  0.60  0.60  0.60  0.60  0.60  0.60  0.60  0.60  0.60  0.60  0.60  0.60  0.60
  0.60  0.60  0.60  0.60  0.60  0.60  0.60  0.60  0.60  0.60  0.60  0.60  0.60  0.60  0.60  0.60  0.60  0.60  1.31  2.82  3.75  4.46  5.04  5.53  5.95  6.30  6.60  6.85  7.05  7.20  7.31  7.37  7.39  7.37  7.31  7.20  7.05  6.85  6.60  6.30  5.95  5.53  5.04  4.46  3.75  2.82  1.31  0.60  0.60  0.60  0.60  0.60  0.60  0.60  0.60  0.60  0.60  0.60  0.60  0.60  0.60  0.60  0.60  0.60
  0.60  0.60  0.60  0.60  0.60  0.60  0.60  0.60  0.60  0.60  0.60  0.60  0.60  0.60  0.60  0.60  0.60  0.60  1.42  2.88  3.79  4.50  5.08  5.57  5.98  6.34  6.64  6.88  7.08  7.23  7.34  7.41  7.43  7.41  7.34  7.23  7.08  6.88  6.64  6.34  5.98  5.57  5.08  4.50  3.79  2.88  1.42  0.60  0.60  0.60  0.60  0.60  0.60  0.60  0.60  0.60  0.60  0.60  0.60  0.60  0.60  0.60  0.60  0.60
  0.60  0.60  0.60  0.60  0.60  0.60  0.60  0.60  0.60  0.60  0.60  0.60  0.60  0.60  0.60  0.60  0.60  0.60  1.52  2.94  3.84  4.54  5.12  5.60  6.02  6.37  6.67  6.91  7.11  7.26  7.37  7.44  7.46  7.44  7.37  7.26  7.11  6.91  6.67  6.37  6.02  5.60  5.12  4.54  3.84  2.94  1.52  0.60  0.60  0.60  0.60  0.60  0.60  0.60  0.60  0.60  0.60  0.60  0.60  0.60  0.60  0.60  0.60  0.60
  0.60  0.60  0.60  0.60  0.60  0.60  0.60  0.60  0.60  0.60  0.60  0.60  0.60  0.60  0.60  0.60  0.60  0.60  1.62  2.99  3.88  4.58  5.15  5.64  6.05  6.40  6.70  6.95  7.14  7.30  7.40  7.47  7.49  7.47  7.40  7.30  7.14  6.95  6.70  6.40  6.05  5.64  5.15  4.58  3.88  2.99  1.62  0.60  0.60  0.60  0.60  0.60  0.60  0.60  0.60  0.60  0.60  0.60  0.60  0.60  0.60  0.60  0.60  0.60
  0.60  0.60  0.60  0.60  0.60  0.60  0.60  0.60  0.60  0.60  0.60  0.60  0.60  0.60  0.60  0.60  0.60  0.60  1.71  3.04  3.93  4.62  5.19  5.67  6.09  6.44  6.73  6.98  7.18  7.33  7.44  7.50  7.52  7.50  7.44  7.33  7.18  6.98  6.73  6.44  6.09  5.67  5.19  4.62  3.93  3.04  1.71  0.60  0.60  0.60  0.60  0.60  0.60  0.60  0.60  0.60  0.60  0.60  0.60  0.60  0.60  0.60  0.60  0.60
  0.60  0.60  0.60  0.60  0.60  0.60  0.60  0.60  0.60  0.60  0.60  0.60  0.60  0.60  0.60  0.60  0.60  0.60  1.80  3.10  3.97  4.66  5.23  5.71  6.12  6.47  6.77  7.01  7.21  7.36  7.47  7.53  7.55  7.53  7.47  7.36  7.21  7.01  6.77  6.47  6.12  5.71  5.23  4.66  3.97  3.10  1.80  0.60  0.60  0.60  0.60  0.60  0.60  0.60  0.60  0.60  0.60  0.60  0.60  0.60  0.60  0.60  0.60  0.60
  0.60  0.60  0.60  0.60  0.60  0.60  0.60  0.60  0.60  0.60  0.60  0.60  0.60  0.60  0.60  0.60  0.60  0.60  1.88  3.15  4.01  4.70  5.26  5.74  6.15  6.50  6.80  7.04  7.24  7.39  7.50  7.56  7.58  7.56  7.50  7.39  7.24  7.04  6.80  6.50  6.15  5.74  5.26  4.70  4.01  3.15  1.88  0.60  0.60  0.60  0.60  0.60  0.60  0.60  0.60  0.60  0.60  0.60  0.60  0.60  0.60  0.60  0.60  0.60
  0.60  0.60  0.60  0.60  0.60  0.60  0.60  0.60  0.60  0.60  0.60  0.60  0.60  0.60  0.60  0.60  0.60  0.60  1.96  3.20  4.06  4.73  5.30  5.78  6.19  6.53  6.83  7.07  7.27  7.42  7.53  7.59  7.61  7.59  7.53  7.42  7.27  7.07  6.83  6.53  6.19  5.78  5.30  4.73  4.06  3.20  1.96  0.60  0.60  0.60  0.60  0.60  0.60  0.60  0.60  0.60  0.60  0.60  0.60  0.60  0.60  0.60  0.60  0.60
  0.60  0.60  0.60  0.60  0.60  0.60  0.60  0.60  0.60  0.60  0.60  0.60  0.60  0.60  0.60  0.60  0.60  0.60  2.03  3.25  4.10  4.77  5.33  5.81  6.22  6.56  6.86  7.10  7.30  7.45  7.56  7.62  7.64  7.62  7.56  7.45  7.30  7.10  6.86  6.56  6.22  5.81  5.33  4.77  4.10  3.25  2.03  0.60  0.60  0.60  0.60  0.60  0.60  0.60  0.60  0.60  0.60  0.60  0.60  0.60  0.60  0.60  0.60  0.60
  0.60  0.60  0.60  0.60  0.60  0.60  0.60  0.60  0.60  0.60  0.60  0.60  0.60  0.60  0.60  0.60  0.60  0.60  2.11  3.30  4.14  4.81  5.37  5.84  6.25  6.60  6.89  7.13  7.33  7.48  7.59  7.65  7.67  7.65  7.59  7.48  7.33  7.13  6.89  6.60  6.25  5.84  5.37  4.81  4.14  3.30  2.11  0.60  0.60  0.60  0.60  0.60  0.60  0.60  0.60  0.60  0.60  0.60  0.60  0.60  0.60  0.60  0.60  0.60
  0.60  0.60  0.60  0.60  0.60  0.60  0.60  0.60  0.60  0.60  0.60  0.60  0.60  0.60  0.60  0.60  0.60  0.60  2.18  3.35  4.18  4.84  5.40  5.87  6.28  6.63  6.92  7.16  7.36  7.51  7.61  7.68  7.70  7.68  7.61  7.51  7.36  7.16  6.92  6.63  6.28  5.87  5.40  4.84  4.18  3.35  2.18  0.60  0.60  0.60  0.60  0.60  0.60  0.60  0.60  0.60  0.60  0.60  0.60  0.60  0.60  0.60  0.60  0.60
  0.60  0.60  0.60  0.60  0.60  0.60  0.60  0.60  0.60  0.60  0.60  0.60  0.60  0.60  0.60  0.60  0.60  0.60  2.25  3.39  4.22  4.88  5.43  5.91  6.31  6.66  6.95  7.19  7.39  7.54  7.64  7.71  7.73  7.71  7.64  7.54  7.39  7.19  6.95  6.66  6.31  5.91  5.43  4.88  4.22  3.39  2.25  0.60  0.60  0.60  0.60  0.60  0.60  0.60  0.60  0.60  0.60  0.60  0.60  0.60  0.60  0.60  0.60  0.60
  0.60  0.60  0.60  0.60  0.60  0.60  0.60  0.60  0.60  0.60  0.60  0.60  0.60  0.60  0.60  0.60  0.60  0.60  2.31  3.44  4.26  4.91  5.47  5.94  6.34  6.69  6.98  7.22  7.41  7.56  7.67  7.73  7.76  7.73  7.67  7.56  7.41  7.22  6.98  6.69  6.34  5.94  5.47  4.92  4.26  3.44  2.31  0.60  0.60  0.60  0.60  0.60  0.60  0.60  0.60  0.60  0.60  0.60  0.60  0.60  0.60  0.60  0.60  0.60
  0.60  0.60  0.60  0.60  0.60  0.60  0.60  0.60  0.60  0.60  0.60  0.60  0.60  0.60  0.60  0.60  0.60  0.60  2.38  3.48  4.30  4.95  5.50  5.97  6.37  6.71  7.01  7.25  7.44  7.59  7.70  7.76  7.78  7.76  7.70  7.59  7.44  7.25  7.01  6.71  6.37  5.97  5.50  4.95  4.30  3.48  2.38  0.60  0.60  0.60  0.60  0.60  0.60  0.60  0.60  0.60  0.60  0.60  0.60  0.60  0.60  0.60  0.60  0.60
  0.60  0.60  0.60  0.60  0.60  0.60  0.60  0.60  0.60  0.60  0.60  0.60  0.60  0.60  0.60  0.60  0.60  0.60  2.44  3.53  4.33  4.98  5.53  6.00  6.40  6.74  7.03  7.27  7.47  7.62  7.73  7.79  7.81  7.79  7.73  7.62  7.47  7.27  7.03  6.74  6.40  6.00  5.53  4.98  4.33  3.53  2.44  0.60  0.60  0.60  0.60  0.60  0.60  0.60  0.60  0.60  0.60  0.60  0.60  0.60  0.60  0.60  0.60  0.60
  0.60  0.60  0.60  0.60  0.60  0.60  0.60  0.60  0.60  0.60  0.60  0.60  0.60  0.60  0.60  0.60  0.60  0.60  2.50  3.57  4.37  5.02  5.56  6.03  6.43  6.77  7.06  7.30  7.50  7.65  7.75  7.82  7.84  7.82  7.75  7.65  7.50  7.30  7.06  6.77  6.43  6.03  5.56  5.02  4.37  3.57  2.50  0.60  0.60  0.60  0.60  0.60  0.60  0.60  0.60  0.60  0.60  0.60  0.60  0.60  0.60  0.60  0.60  0.60
  0.60  0.60  0.60  0.60  0.60  0.60  0.60  0.60  0.60  0.60  0.60  0.60  0.60  0.60  0.60  0.60  0.60  0.60  2.56  3.62  4.41  5.05  5.60  6.06  6.46  6.80  7.09  7.33  7.52  7.67  7.78  7.84  7.86  7.84  7.78  7.67  7.52  7.33  7.09  6.80  6.46  6.06  5.60  5.05  4.41  3.62  2.56  0.60  0.60  0.60  0.60  0.60  0.60  0.60  0.60  0.60  0.60  0.60  0.60  0.60  0.60  0.60  0.60  0.60
  0.60  0.60  0.60  0.60  0.60  0.60  0.60  0.60  0.60  0.60  0.60  0.60  0.60  0.60  0.60  0.60  0.60  0.60  2.62  3.66  4.44  5.09  5.63  6.09  6.49  6.83  7.12  7.36  7.55  7.70  7.80  7.87  7.89  7.87  7.80  7.70  7.55  7.36  7.12  6.83  6.49  6.09  5.63  5.09  4.44  3.66  2.62  0.60  0.60  0.60  0.60  0.60  0.60  0.60  0.60  0.60  0.60  0.60  0.60  0.60  0.60  0.60  0.60  0.60
  0.60  0.60  0.60  0.60  0.60  0.60  0.60  0.60  0.60  0.60  0.60  0.60  0.60  0.60  0.60  0.60  0.60  0.67  2.67  3.70  4.48  5.12  5.66  6.12  6.52  6.86  7.14  7.38  7.58  7.72  7.83  7.89  7.91  7.89  7.83  7.72  7.58  7.38  7.14  6.86  6.52  6.12  5.66  5.12  4.48  3.70  2.67  0.67  0.60  0.60  0.60  0.60  0.60  0.60  0.60  0.60  0.60  0.60  0.60  0.60  0.60  0.60  0.60  0.60
  0.60  0.60  0.60  0.60  0.60  0.60  0.60  0.60  0.60  0.60  0.60  0.60  0.60  0.60  0.60  0.60  0.60  0.86  2.73  3.74  4.52  5.15  5.69  6.15  6.54  6.88  7.17  7.41  7.60  7.75  7.86  7.92  7.94  7.92  7.86  7.75  7.60  7.41  7.17  6.88  6.54  6.15  5.69  5.15  4.52  3.74  2.73  0.86  0.60  0.60  0.60  0.60  0.60  0.60  0.60  0.60  0.60  0.60  0.60  0.60  0.60  0.60  0.60  0.60
  0.60  0.60  0.60  0.60  0.60  0.60  0.60  0.60  0.60  0.60  0.60  0.60  0.60  0.60  0.60  0.60  0.60  1.01  2.78  3.79  4.55  5.18  5.72  6.18  6.57  6.91  7.20  7.43  7.63  7.78  7.88  7.94  7.96  7.94  7.88  7.78  7.63  7.43  7.20  6.91  6.57  6.18  5.72  5.18  4.55  3.79  2.78  1.01  0.60  0.60  0.60  0.60  0.60  0.60  0.60  0.60  0.60  0.60  0.60  0.60  0.60  0.60  0.60  0.60
  0.60  0.60  0.60  0.60  0.60  0.60  0.60  0.60  0.60  0.60  0.60  0.60  0.60  0.60  0.60  0.60  0.60  1.14  2.84  3.83  4.59  5.21  5.75  6.20  6.60  6.93  7.22  7.46  7.65  7.80  7.91  7.97  7.99  7.97  7.91  7.80  7.65  7.46  7.22  6.93  6.60  6.20  5.75  5.21  4.59  3.83  2.84  1.14  0.60  0.60  0.60  0.60  0.60  0.60  0.60  0.60  0.60  0.60  0.60  0.60  0.60  0.60  0.60  0.60
  0.60  0.60  0.60  0.60  0.60  0.60  0.60  0.60  0.60  0.60  0.60  0.60  0.60  0.60  0.60  0.60  0.60  1.26  2.89  3.87  4.62  5.25  5.78  6.23  6.62  6.96  7.25  7.48  7.68  7.82  7.93  7.99  8.01  7.99  7.93  7.82  7.68  7.48  7.25  6.96  6.62  6.23  5.78  5.25  4.62  3.87  2.89  1.26  0.60  0.60  0.60  0.60  0.60  0.60  0.60  0.60  0.60  0.60  0.60  0.60  0.60  0.60  0.60  0.60
  0.60  0.60  0.60  0.60  0.60  0.60  0.60  0.60  0.60  0.60  0.60  0.60  0.60  0.60  0.60  0.60  0.60  1.37  2.94  3.90  4.66  5.28  5.80  6.26  6.65  6.99  7.27  7.51  7.70  7.85  7.95  8.02  8.04  8.02  7.95  7.85  7.70  7.51  7.27  6.99  6.65  6.26  5.80  5.28  4.66  3.91  2.94  1.37  0.60  0.60  0.60  0.60  0.60  0.60  0.60  0.60  0.60  0.60  0.60  0.60  0.60  0.60  0.60  0.60
  0.60  0.60  0.60  0.60  0.60  0.60  0.60  0.60  0.60  0.60  0.60  0.60  0.60  0.60  0.60  0.60  0.60  1.47  2.99  3.94  4.69  5.31  5.83  6.29  6.68  7.01  7.30  7.53  7.72  7.87  7.98  8.04  8.06  8.04  7.98  7.87  7.72  7.53  7.30  7.01  6.68  6.29  5.83  5.31  4.69  3.94  2.99  1.47  0.60  0.60  0.60  0.60  0.60  0.60  0.60  0.60  0.60  0.60  0.60  0.60  0.60  0.60  0.60  0.60
  0.60  0.60  0.60  0.60  0.60  0.60  0.60  0.60  0.60  0.60  0.60  0.60  0.60  0.60  0.60  0.60  0.60  1.57  3.04  3.98  4.72  5.34  5.86  6.31  6.70  7.04  7.32  7.56  7.75  7.90  8.00  8.06  8.08  8.06  8.00  7.90  7.75  7.56  7.32  7.04  6.70  6.31  5.86  5.34  4.72  3.98  3.04  1.57  0.60  0.60  0.60  0.60  0.60  0.60  0.60  0.60  0.60  0.60  0.60  0.60  0.60  0.60  0.60  0.60
  0.60  0.60  0.60  0.60  0.60  0.60  0.60  0.60  0.60  0.60  0.60  0.60  0.60  0.60  0.60  0.60  0.60  1.66  3.08  4.02  4.75  5.37  5.89  6.34  6.73  7.06  7.34  7.58  7.77  7.92  8.02  8.08  8.11  8.08  8.02  7.92  7.77  7.58  7.34  7.06  6.73  6.34  5.89  5.37  4.76  4.02  3.08  1.66  0.60  0.60  0.60  0.60  0.60  0.60  0.60  0.60  0.60  0.60  0.60  0.60  0.60  0.60  0.60  0.60
  0.60  0.60  0.60  0.60  0.60  0.60  0.60  0.60  0.60  0.60  0.60  0.60  0.60  0.60  0.60  0.60  0.60  1.74  3.13  4.06  4.79  5.40  5.92  6.36  6.75  7.09  7.37  7.60  7.79  7.94  8.04  8.11  8.13  8.11  8.04  7.94  7.79  7.60  7.37  7.09  6.75  6.36  5.92  5.40  4.79  4.06  3.13  1.74  0.60  0.60  0.60  0.60  0.60  0.60  0.60  0.60  0.60  0.60  0.60  0.60  0.60  0.60  0.60  0.60
  0.60  0.60  0.60  0.60  0.60  0.60  0.60  0.60  0.60  0.60  0.60  0.60  0.60  0.60  0.60  0.60  0.60  1.82  3.18  4.09  4.82  5.43  5.94  6.39  6.78  7.11  7.39  7.63  7.82  7.96  8.07  8.13  8.15  8.13  8.07  7.96  7.82  7.63  7.39  7.11  6.78  6.39  5.94  5.43  4.82  4.09  3.18  1.82  0.60  0.60  0.60  0.60  0.60  0.60  0.60  0.60  0.60  0.60  0.60  0.60  0.60  0.60  0.60  0.60
  0.60  0.60  0.60  0.60  0.60  0.60  0.60  0.60  0.60  0.60  0.60  0.60  0.60  0.60  0.60  0.60  0.60  1.90  3.22  4.13  4.85  5.45  5.97  6.42  6.80  7.13  7.41  7.65  7.84  7.98  8.09  8.15  8.17  8.15  8.09  7.98  7.84  7.65  7.41  7.13  6.80  6.42  5.97  5.45  4.85  4.13  3.22  1.90  0.60  0.60  0.60  0.60  0.60  0.60  0.60  0.60  0.60  0.60  0.60  0.60  0.60  0.60  0.60  0.60
  0.60  0.60  0.60  0.60  0.60  0.60  0.60  0.60  0.60  0.60  0.60  0.60  0.60  0.60  0.60  0.60  0.60  1.97  3.27  4.17  4.88  5.48  6.00  6.44  6.82  7.16  7.44  7.67  7.86  8.01  8.11  8.17  8.19  8.17  8.11  8.01  7.86  7.67  7.44  7.16  6.82  6.44  6.00  5.48  4.88  4.17  3.27  1.97  0.60  0.60  0.60  0.60  0.60  0.60  0.60  0.60  0.60  0.60  0.60  0.60  0.60  0.60  0.60  0.60
  0.60  0.60  0.60  0.60  0.60  0.60  0.60  0.60  0.60  0.60  0.60  0.60  0.60  0.60  0.60  0.60  0.60  2.04  3.31  4.20  4.91  5.51  6.02  6.47  6.85  7.18  7.46  7.69  7.88  8.03  8.13  8.19  8.21  8.19  8.13  8.03  7.88  7.69  7.46  7.18  6.85  6.47  6.02  5.51  4.91  4.20  3.31  2.04  0.60  0.60  0.60  0.60  0.60  0.60  0.60  0.60  0.60  0.60  0.60  0.60  0.60  0.60  0.60  0.60
  0.60  0.60  0.60  0.60  0.60  0.60  0.60  0.60  0.60  0.60  0.60  0.60  0.60  0.60  0.60  0.60  0.60  2.11  3.36  4.24  4.94  5.54  6.05  6.49  6.87  7.20  7.48  7.71  7.90  8.05  8.15  8.21  8.23  8.21  8.15  8.05  7.90  7.71  7.48  7.20  6.87  6.49  6.05  5.54  4.94  4.24  3.36  2.11  0.60  0.60  0.60  0.60  0.60  0.60  0.60  0.60  0.60  0.60  0.60  0.60  0.60  0.60  0.60  0.60
  0.60  0.60  0.60  0.60  0.60  0.60  0.60  0.60  0.60  0.60  0.60  0.60  0.60  0.60  0.60  0.60  0.60  2.18  3.40  4.27  4.97  5.57  6.07  6.51  6.89  7.22  7.50  7.73  7.92  8.07  8.17  8.23  8.25  8.23  8.17  8.07  7.92  7.73  7.50  7.22  6.89  6.51  6.07  5.57  4.97  4.27  3.40  2.18  0.60  0.60  0.60  0.60  0.60  0.60  0.60  0.60  0.60  0.60  0.60  0.60  0.60  0.60  0.60  0.60
  0.60  0.60  0.60  0.60  0.60  0.60  0.60  0.60  0.60  0.60  0.60  0.60  0.60  0.60  0.60  0.60  0.60  2.24  3.44  4.31  5.00  5.59  6.10  6.54  6.92  7.24  7.52  7.75  7.94  8.09  8.19  8.25  8.27  8.25  8.19  8.09  7.94  7.75  7.52  7.24  6.92  6.54  6.10  5.59  5.00  4.31  3.44  2.24  0.60  0.60  0.60  0.60  0.60  0.60  0.60  0.60  0.60  0.60  0.60  0.60  0.60  0.60  0.60  0.60
  0.60  0.60  0.60  0.60  0.60  0.60  0.60  0.60  0.60  0.60  0.60  0.60  0.60  0.60  0.60  0.60  0.60  2.30  3.48  4.34  5.03  5.62  6.12  6.56  6.94  7.27  7.54  7.78  7.96  8.11  8.21  8.27  8.29  8.27  8.21  8.11  7.96  7.78  7.54  7.27  6.94  6.56  6.12  5.62  5.03  4.34  3.48  2.30  0.60  0.60  0.60  0.60  0.60  0.60  0.60  0.60  0.60  0.60  0.60  0.60  0.60  0.60  0.60  0.60
  0.60  0.60  0.60  0.60  0.60  0.60  0.60  0.60  0.60  0.60  0.60  0.60  0.60  0.60  0.60  0.60  0.60  2.36  3.52  4.37  5.06  5.64  6.15  6.58  6.96  7.29  7.56  7.80  7.98  8.13  8.23  8.29  8.31  8.29  8.23  8.13  7.98  7.80  7.56  7.29  6.96  6.58  6.15  5.64  5.06  4.37  3.52  2.36  0.60  0.60  0.60  0.60  0.60  0.60  0.60  0.60  0.60  0.60  0.60  0.60  0.60  0.60  0.60  0.60
  0.60  0.60  0.60  0.60  0.60  0.60  0.60  0.60  0.60  0.60  0.60  0.60  0.60  0.60  0.60  0.60  0.60  2.42  3.56  4.40  5.09  5.67  6.17  6.61  6.98  7.31  7.58  7.81  8.00  8.15  8.25  8.31  8.33  8.31  8.25  8.15  8.00  7.81  7.58  7.31  6.98  6.61  6.17  5.67  5.09  4.41  3.56  2.42  0.60  0.60  0.60  0.60  0.60  0.60  0.60  0.60  0.60  0.60  0.60  0.60  0.60  0.60  0.60  0.60
  0.60  0.60  0.60  0.60  0.60  0.60  0.60  0.60  0.60  0.60  0.60  0.60  0.60  0.60  0.60  0.60  0.60  2.48  3.60  4.44  5.12  5.70  6.20  6.63  7.00  7.33  7.60  7.83  8.02  8.16  8.27  8.33  8.35  8.33  8.27  8.16  8.02  7.83  7.60  7.33  7.00  6.63  6.20  5.70  5.12  4.44  3.60  2.48  0.60  0.60  0.60  0.60  0.60  0.60  0.60  0.60  0.60  0.60  0.60  0.60  0.60  0.60  0.60  0.60
  0.60  0.60  0.60  0.60  0.60  0.60  0.60  0.60  0.60  0.60  0.60  0.60  0.60  0.60  0.60  0.60  0.60  2.54  3.64  4.47  5.15  5.72  6.22  6.65  7.02  7.35  7.62  7.85  8.04  8.18  8.28  8.35  8.37  8.35  8.28  8.18  8.04  7.85  7.62  7.35  7.02  6.65  6.22  5.72  5.15  4.47  3.64  2.54  0.60  0.60  0.60  0.60  0.60  0.60  0.60  0.60  0.60  0.60  0.60  0.60  0.60  0.60  0.60  0.60
  0.60  0.60  0.60  0.60  0.60  0.60  0.60  0.60  0.60  0.60  0.60  0.60  0.60  0.60  0.60  0.60  0.60  2.59  3.68  4.50  5.17  5.75  6.24  6.67  7.05  7.37  7.64  7.87  8.06  8.20  8.30  8.36  8.38  8.36  8.30  8.20  8.06  7.87  7.64  7.37  7.05  6.67  6.24  5.75  5.17  4.50  3.68  2.59  0.60  0.60  0.60  0.60  0.60  0.60  0.60  0.60  0.60  0.60  0.60  0.60  0.60  0.60  0.60  0.60
  0.60  0.60  0.60  0.60  0.60  0.60  0.60  0.60  0.60  0.60  0.60  0.60  0.60  0.60  0.60  0.60  0.60  2.64  3.72  4.53  5.20  5.77  6.26  6.69  7.07  7.39  7.66  7.89  8.07  8.22  8.32  8.38  8.40  8.38  8.32  8.22  8.07  7.89  7.66  7.39  7.07  6.69  6.26  5.77  5.20  4.53  3.72  2.64  0.60  0.60  0.60  0.60  0.60  0.60  0.60  0.60  0.60  0.60  0.60  0.60  0.60  0.60  0.60  0.60
  0.00  0.00  0.00  0.00  0.00  0.00  0.00  0.00  0.00  0.00  0.00  0.00  0.00  0.00  0.00  0.00  0.00  2.63  3.71  4.52  5.19  5.76  6.26  6.69  7.06  7.38  7.66  7.88  8.07  8.21  8.31  8.38  8.40  8.38  8.31  8.21  8.07  7.88  7.66  7.38  7.06  6.69  6.26  5.76  5.19  4.52  3.71  2.63  0.00  0.00  0.00  0.00  0.00  0.00  0.00  0.00  0.00  0.00  0.00  0.00  0.00  0.00  0.00  0.00
