   1. 255. 127. 129.  63. 193.  65. 191.  31. 225. 
  97. 159.  33. 223.  95. 161.  15. 241. 113. 143. 
  49. 207.  79. 177.  17. 239. 111. 145.  47. 209.
  81. 175.   7. 249. 121. 135.  57. 199.  71. 185.
  25. 231. 103. 153.  39. 217.  89. 167.   9. 247.
 119. 137.  55. 201.  73. 183.  23. 233. 105. 151.
  41. 215.  87. 169.   3. 253. 125. 131.  61. 195. 
  67. 189.  29. 227.  99. 157.  35. 221.  93. 163. 
  13. 243. 115. 141.  51. 205.  77. 179.  19. 237. 
 109. 147.  45. 211.  83. 173.   5. 251. 123. 133.
  59. 197.  69. 187.  27. 229. 101. 155.  37. 219.
  91. 165.  11. 245. 117. 139.  53. 203.  75. 181. 
  21. 235. 107. 149.  43. 213.  85. 171.  
