output/2016/10/30/separate/20161030_0005_north_forecast_diff_aacgm.txt
  0.00   50.0   0.00
  0.00   50.5   0.00
  0.00   51.0   0.00
  0.00   51.5   0.00
  0.00   52.0   0.00
  0.00   52.5   0.00
  0.00   53.0   0.00
  0.00   53.5   0.00
  0.00   54.0   0.00
  0.00   54.5   0.02
  0.00   55.0   0.03
  0.00   55.5   0.03
  0.00   56.0   0.04
  0.00   56.5   0.05
  0.00   57.0   0.04
  0.00   57.5   0.04
  0.00   58.0   0.06
  0.00   58.5   0.09
  0.00   59.0   0.10
  0.00   59.5   0.16
  0.00   60.0   0.21
  0.00   60.5   0.30
  0.00   61.0   0.46
  0.00   61.5   0.70
  0.00   62.0   0.99
  0.00   62.5   1.16
  0.00   63.0   1.38
  0.00   63.5   1.55
  0.00   64.0   1.66
  0.00   64.5   1.71
  0.00   65.0   1.74
  0.00   65.5   1.72
  0.00   66.0   1.73
  0.00   66.5   1.52
  0.00   67.0   1.30
  0.00   67.5   1.15
  0.00   68.0   0.97
  0.00   68.5   0.80
  0.00   69.0   0.67
  0.00   69.5   0.59
  0.00   70.0   0.49
  0.00   70.5   0.40
  0.00   71.0   0.36
  0.00   71.5   0.32
  0.00   72.0   0.28
  0.00   72.5   0.21
  0.00   73.0   0.17
  0.00   73.5   0.14
  0.00   74.0   0.10
  0.00   74.5   0.10
  0.00   75.0   0.08
  0.00   75.5   0.06
  0.00   76.0   0.05
  0.00   76.5   0.04
  0.00   77.0   0.05
  0.00   77.5   0.03
  0.00   78.0   0.04
  0.00   78.5   0.03
  0.00   79.0   0.03
  0.00   79.5   0.03
  0.00   80.0   0.02
  0.00   80.5   0.02
  0.00   81.0   0.02
  0.00   81.5   0.02
  0.00   82.0   0.02
  0.00   82.5   0.02
  0.00   83.0   0.02
  0.00   83.5   0.02
  0.00   84.0   0.02
  0.00   84.5   0.02
  0.00   85.0   0.02
  0.00   85.5   0.02
  0.00   86.0   0.02
  0.00   86.5   0.03
  0.00   87.0   0.02
  0.00   87.5   0.02
  0.00   88.0   0.02
  0.00   88.5   0.03
  0.00   89.0   0.02
  0.00   89.5   0.01
  0.25   50.0   0.00
  0.25   50.5   0.00
  0.25   51.0   0.00
  0.25   51.5   0.00
  0.25   52.0   0.00
  0.25   52.5   0.00
  0.25   53.0   0.00
  0.25   53.5   0.00
  0.25   54.0   0.00
  0.25   54.5   0.00
  0.25   55.0   0.00
  0.25   55.5   0.00
  0.25   56.0   0.01
  0.25   56.5   0.03
  0.25   57.0   0.03
  0.25   57.5   0.06
  0.25   58.0   0.09
  0.25   58.5   0.14
  0.25   59.0   0.18
  0.25   59.5   0.30
  0.25   60.0   0.31
  0.25   60.5   0.46
  0.25   61.0   0.40
  0.25   61.5   0.56
  0.25   62.0   0.73
  0.25   62.5   0.90
  0.25   63.0   1.03
  0.25   63.5   1.78
  0.25   64.0   1.98
  0.25   64.5   2.05
  0.25   65.0   1.91
  0.25   65.5   1.94
  0.25   66.0   1.71
  0.25   66.5   1.57
  0.25   67.0   1.55
  0.25   67.5   1.29
  0.25   68.0   1.07
  0.25   68.5   0.86
  0.25   69.0   0.70
  0.25   69.5   0.57
  0.25   70.0   0.49
  0.25   70.5   0.34
  0.25   71.0   0.33
  0.25   71.5   0.31
  0.25   72.0   0.24
  0.25   72.5   0.22
  0.25   73.0   0.16
  0.25   73.5   0.15
  0.25   74.0   0.13
  0.25   74.5   0.11
  0.25   75.0   0.07
  0.25   75.5   0.07
  0.25   76.0   0.05
  0.25   76.5   0.04
  0.25   77.0   0.06
  0.25   77.5   0.03
  0.25   78.0   0.03
  0.25   78.5   0.03
  0.25   79.0   0.03
  0.25   79.5   0.03
  0.25   80.0   0.03
  0.25   80.5   0.03
  0.25   81.0   0.02
  0.25   81.5   0.02
  0.25   82.0   0.02
  0.25   82.5   0.02
  0.25   83.0   0.02
  0.25   83.5   0.02
  0.25   84.0   0.02
  0.25   84.5   0.02
  0.25   85.0   0.02
  0.25   85.5   0.02
  0.25   86.0   0.02
  0.25   86.5   0.02
  0.25   87.0   0.02
  0.25   87.5   0.02
  0.25   88.0   0.02
  0.25   88.5   0.03
  0.25   89.0   0.02
  0.25   89.5   0.00
  0.50   50.0   0.00
  0.50   50.5   0.00
  0.50   51.0   0.00
  0.50   51.5   0.00
  0.50   52.0   0.00
  0.50   52.5   0.00
  0.50   53.0   0.00
  0.50   53.5   0.00
  0.50   54.0   0.00
  0.50   54.5   0.00
  0.50   55.0   0.00
  0.50   55.5   0.00
  0.50   56.0   0.00
  0.50   56.5   0.00
  0.50   57.0   0.00
  0.50   57.5   0.00
  0.50   58.0   0.01
  0.50   58.5   0.09
  0.50   59.0   0.11
  0.50   59.5   0.15
  0.50   60.0   0.38
  0.50   60.5   0.40
  0.50   61.0   0.58
  0.50   61.5   0.68
  0.50   62.0   0.79
  0.50   62.5   0.93
  0.50   63.0   1.24
  0.50   63.5   1.56
  0.50   64.0   1.42
  0.50   64.5   1.56
  0.50   65.0   1.49
  0.50   65.5   1.83
  0.50   66.0   1.82
  0.50   66.5   1.58
  0.50   67.0   1.47
  0.50   67.5   1.44
  0.50   68.0   1.13
  0.50   68.5   0.99
  0.50   69.0   0.75
  0.50   69.5   0.59
  0.50   70.0   0.48
  0.50   70.5   0.38
  0.50   71.0   0.31
  0.50   71.5   0.27
  0.50   72.0   0.23
  0.50   72.5   0.19
  0.50   73.0   0.16
  0.50   73.5   0.12
  0.50   74.0   0.12
  0.50   74.5   0.10
  0.50   75.0   0.08
  0.50   75.5   0.07
  0.50   76.0   0.05
  0.50   76.5   0.08
  0.50   77.0   0.05
  0.50   77.5   0.04
  0.50   78.0   0.03
  0.50   78.5   0.05
  0.50   79.0   0.03
  0.50   79.5   0.02
  0.50   80.0   0.02
  0.50   80.5   0.02
  0.50   81.0   0.02
  0.50   81.5   0.02
  0.50   82.0   0.02
  0.50   82.5   0.02
  0.50   83.0   0.02
  0.50   83.5   0.02
  0.50   84.0   0.02
  0.50   84.5   0.02
  0.50   85.0   0.02
  0.50   85.5   0.02
  0.50   86.0   0.02
  0.50   86.5   0.02
  0.50   87.0   0.02
  0.50   87.5   0.02
  0.50   88.0   0.02
  0.50   88.5   0.03
  0.50   89.0   0.01
  0.50   89.5   0.00
  0.75   50.0   0.00
  0.75   50.5   0.00
  0.75   51.0   0.00
  0.75   51.5   0.00
  0.75   52.0   0.00
  0.75   52.5   0.00
  0.75   53.0   0.00
  0.75   53.5   0.00
  0.75   54.0   0.00
  0.75   54.5   0.00
  0.75   55.0   0.00
  0.75   55.5   0.00
  0.75   56.0   0.00
  0.75   56.5   0.00
  0.75   57.0   0.00
  0.75   57.5   0.00
  0.75   58.0   0.01
  0.75   58.5   0.02
  0.75   59.0   0.03
  0.75   59.5   0.05
  0.75   60.0   0.29
  0.75   60.5   0.43
  0.75   61.0   0.56
  0.75   61.5   0.89
  0.75   62.0   0.96
  0.75   62.5   1.11
  0.75   63.0   1.43
  0.75   63.5   1.58
  0.75   64.0   1.72
  0.75   64.5   1.93
  0.75   65.0   1.88
  0.75   65.5   1.71
  0.75   66.0   1.38
  0.75   66.5   1.28
  0.75   67.0   1.08
  0.75   67.5   1.18
  0.75   68.0   1.02
  0.75   68.5   0.97
  0.75   69.0   0.88
  0.75   69.5   0.64
  0.75   70.0   0.53
  0.75   70.5   0.41
  0.75   71.0   0.33
  0.75   71.5   0.25
  0.75   72.0   0.21
  0.75   72.5   0.17
  0.75   73.0   0.19
  0.75   73.5   0.14
  0.75   74.0   0.11
  0.75   74.5   0.09
  0.75   75.0   0.09
  0.75   75.5   0.07
  0.75   76.0   0.05
  0.75   76.5   0.05
  0.75   77.0   0.04
  0.75   77.5   0.03
  0.75   78.0   0.03
  0.75   78.5   0.04
  0.75   79.0   0.03
  0.75   79.5   0.02
  0.75   80.0   0.02
  0.75   80.5   0.02
  0.75   81.0   0.02
  0.75   81.5   0.02
  0.75   82.0   0.02
  0.75   82.5   0.02
  0.75   83.0   0.02
  0.75   83.5   0.02
  0.75   84.0   0.02
  0.75   84.5   0.02
  0.75   85.0   0.02
  0.75   85.5   0.02
  0.75   86.0   0.02
  0.75   86.5   0.02
  0.75   87.0   0.02
  0.75   87.5   0.01
  0.75   88.0   0.02
  0.75   88.5   0.03
  0.75   89.0   0.02
  0.75   89.5   0.00
  1.00   50.0   0.00
  1.00   50.5   0.00
  1.00   51.0   0.00
  1.00   51.5   0.00
  1.00   52.0   0.00
  1.00   52.5   0.00
  1.00   53.0   0.00
  1.00   53.5   0.00
  1.00   54.0   0.00
  1.00   54.5   0.00
  1.00   55.0   0.00
  1.00   55.5   0.00
  1.00   56.0   0.00
  1.00   56.5   0.00
  1.00   57.0   0.00
  1.00   57.5   0.00
  1.00   58.0   0.00
  1.00   58.5   0.00
  1.00   59.0   0.00
  1.00   59.5   0.00
  1.00   60.0   0.09
  1.00   60.5   0.12
  1.00   61.0   0.24
  1.00   61.5   0.80
  1.00   62.0   1.38
  1.00   62.5   1.38
  1.00   63.0   1.43
  1.00   63.5   1.64
  1.00   64.0   1.83
  1.00   64.5   1.85
  1.00   65.0   1.77
  1.00   65.5   1.77
  1.00   66.0   1.58
  1.00   66.5   1.37
  1.00   67.0   1.05
  1.00   67.5   0.91
  1.00   68.0   0.73
  1.00   68.5   0.60
  1.00   69.0   0.49
  1.00   69.5   0.66
  1.00   70.0   0.52
  1.00   70.5   0.40
  1.00   71.0   0.35
  1.00   71.5   0.26
  1.00   72.0   0.22
  1.00   72.5   0.16
  1.00   73.0   0.16
  1.00   73.5   0.14
  1.00   74.0   0.10
  1.00   74.5   0.09
  1.00   75.0   0.09
  1.00   75.5   0.06
  1.00   76.0   0.05
  1.00   76.5   0.06
  1.00   77.0   0.05
  1.00   77.5   0.03
  1.00   78.0   0.03
  1.00   78.5   0.04
  1.00   79.0   0.03
  1.00   79.5   0.03
  1.00   80.0   0.02
  1.00   80.5   0.03
  1.00   81.0   0.02
  1.00   81.5   0.02
  1.00   82.0   0.03
  1.00   82.5   0.02
  1.00   83.0   0.02
  1.00   83.5   0.02
  1.00   84.0   0.02
  1.00   84.5   0.02
  1.00   85.0   0.02
  1.00   85.5   0.02
  1.00   86.0   0.02
  1.00   86.5   0.02
  1.00   87.0   0.02
  1.00   87.5   0.02
  1.00   88.0   0.02
  1.00   88.5   0.02
  1.00   89.0   0.01
  1.00   89.5   0.01
  1.25   50.0   0.00
  1.25   50.5   0.00
  1.25   51.0   0.00
  1.25   51.5   0.00
  1.25   52.0   0.00
  1.25   52.5   0.00
  1.25   53.0   0.00
  1.25   53.5   0.00
  1.25   54.0   0.00
  1.25   54.5   0.00
  1.25   55.0   0.00
  1.25   55.5   0.00
  1.25   56.0   0.00
  1.25   56.5   0.00
  1.25   57.0   0.00
  1.25   57.5   0.00
  1.25   58.0   0.00
  1.25   58.5   0.00
  1.25   59.0   0.00
  1.25   59.5   0.00
  1.25   60.0   0.00
  1.25   60.5   0.00
  1.25   61.0   0.00
  1.25   61.5   0.50
  1.25   62.0   0.43
  1.25   62.5   1.85
  1.25   63.0   1.92
  1.25   63.5   1.64
  1.25   64.0   1.75
  1.25   64.5   1.87
  1.25   65.0   1.98
  1.25   65.5   1.73
  1.25   66.0   1.63
  1.25   66.5   1.38
  1.25   67.0   1.12
  1.25   67.5   0.92
  1.25   68.0   0.78
  1.25   68.5   0.61
  1.25   69.0   0.56
  1.25   69.5   0.35
  1.25   70.0   0.32
  1.25   70.5   0.38
  1.25   71.0   0.32
  1.25   71.5   0.27
  1.25   72.0   0.23
  1.25   72.5   0.19
  1.25   73.0   0.15
  1.25   73.5   0.12
  1.25   74.0   0.10
  1.25   74.5   0.10
  1.25   75.0   0.08
  1.25   75.5   0.06
  1.25   76.0   0.06
  1.25   76.5   0.05
  1.25   77.0   0.04
  1.25   77.5   0.03
  1.25   78.0   0.03
  1.25   78.5   0.04
  1.25   79.0   0.03
  1.25   79.5   0.03
  1.25   80.0   0.03
  1.25   80.5   0.03
  1.25   81.0   0.03
  1.25   81.5   0.02
  1.25   82.0   0.03
  1.25   82.5   0.02
  1.25   83.0   0.02
  1.25   83.5   0.02
  1.25   84.0   0.02
  1.25   84.5   0.03
  1.25   85.0   0.02
  1.25   85.5   0.02
  1.25   86.0   0.02
  1.25   86.5   0.02
  1.25   87.0   0.02
  1.25   87.5   0.02
  1.25   88.0   0.02
  1.25   88.5   0.02
  1.25   89.0   0.01
  1.25   89.5   0.01
  1.50   50.0   0.00
  1.50   50.5   0.00
  1.50   51.0   0.00
  1.50   51.5   0.00
  1.50   52.0   0.00
  1.50   52.5   0.00
  1.50   53.0   0.00
  1.50   53.5   0.00
  1.50   54.0   0.00
  1.50   54.5   0.00
  1.50   55.0   0.00
  1.50   55.5   0.00
  1.50   56.0   0.00
  1.50   56.5   0.00
  1.50   57.0   0.00
  1.50   57.5   0.00
  1.50   58.0   0.00
  1.50   58.5   0.00
  1.50   59.0   0.00
  1.50   59.5   0.00
  1.50   60.0   0.00
  1.50   60.5   0.00
  1.50   61.0   0.00
  1.50   61.5   0.00
  1.50   62.0   0.13
  1.50   62.5   0.47
  1.50   63.0   0.85
  1.50   63.5   1.29
  1.50   64.0   1.50
  1.50   64.5   1.74
  1.50   65.0   1.90
  1.50   65.5   1.79
  1.50   66.0   1.53
  1.50   66.5   1.32
  1.50   67.0   1.17
  1.50   67.5   0.93
  1.50   68.0   0.76
  1.50   68.5   0.67
  1.50   69.0   0.54
  1.50   69.5   0.41
  1.50   70.0   0.34
  1.50   70.5   0.26
  1.50   71.0   0.26
  1.50   71.5   0.20
  1.50   72.0   0.24
  1.50   72.5   0.20
  1.50   73.0   0.15
  1.50   73.5   0.11
  1.50   74.0   0.10
  1.50   74.5   0.09
  1.50   75.0   0.08
  1.50   75.5   0.06
  1.50   76.0   0.06
  1.50   76.5   0.04
  1.50   77.0   0.04
  1.50   77.5   0.03
  1.50   78.0   0.03
  1.50   78.5   0.03
  1.50   79.0   0.03
  1.50   79.5   0.03
  1.50   80.0   0.03
  1.50   80.5   0.03
  1.50   81.0   0.03
  1.50   81.5   0.03
  1.50   82.0   0.02
  1.50   82.5   0.03
  1.50   83.0   0.02
  1.50   83.5   0.02
  1.50   84.0   0.03
  1.50   84.5   0.02
  1.50   85.0   0.02
  1.50   85.5   0.02
  1.50   86.0   0.02
  1.50   86.5   0.02
  1.50   87.0   0.02
  1.50   87.5   0.02
  1.50   88.0   0.02
  1.50   88.5   0.02
  1.50   89.0   0.02
  1.50   89.5   0.00
  1.75   50.0   0.00
  1.75   50.5   0.00
  1.75   51.0   0.00
  1.75   51.5   0.00
  1.75   52.0   0.00
  1.75   52.5   0.00
  1.75   53.0   0.00
  1.75   53.5   0.00
  1.75   54.0   0.00
  1.75   54.5   0.00
  1.75   55.0   0.00
  1.75   55.5   0.00
  1.75   56.0   0.00
  1.75   56.5   0.00
  1.75   57.0   0.00
  1.75   57.5   0.00
  1.75   58.0   0.00
  1.75   58.5   0.00
  1.75   59.0   0.00
  1.75   59.5   0.00
  1.75   60.0   0.00
  1.75   60.5   0.03
  1.75   61.0   0.03
  1.75   61.5   0.52
  1.75   62.0   0.76
  1.75   62.5   0.71
  1.75   63.0   1.04
  1.75   63.5   1.26
  1.75   64.0   1.62
  1.75   64.5   1.75
  1.75   65.0   1.77
  1.75   65.5   1.62
  1.75   66.0   1.51
  1.75   66.5   1.31
  1.75   67.0   1.16
  1.75   67.5   0.97
  1.75   68.0   0.76
  1.75   68.5   0.65
  1.75   69.0   0.54
  1.75   69.5   0.43
  1.75   70.0   0.36
  1.75   70.5   0.30
  1.75   71.0   0.27
  1.75   71.5   0.18
  1.75   72.0   0.18
  1.75   72.5   0.21
  1.75   73.0   0.13
  1.75   73.5   0.12
  1.75   74.0   0.10
  1.75   74.5   0.09
  1.75   75.0   0.08
  1.75   75.5   0.07
  1.75   76.0   0.07
  1.75   76.5   0.05
  1.75   77.0   0.04
  1.75   77.5   0.03
  1.75   78.0   0.04
  1.75   78.5   0.03
  1.75   79.0   0.03
  1.75   79.5   0.03
  1.75   80.0   0.02
  1.75   80.5   0.03
  1.75   81.0   0.02
  1.75   81.5   0.03
  1.75   82.0   0.03
  1.75   82.5   0.03
  1.75   83.0   0.02
  1.75   83.5   0.02
  1.75   84.0   0.03
  1.75   84.5   0.02
  1.75   85.0   0.02
  1.75   85.5   0.02
  1.75   86.0   0.02
  1.75   86.5   0.02
  1.75   87.0   0.02
  1.75   87.5   0.02
  1.75   88.0   0.02
  1.75   88.5   0.02
  1.75   89.0   0.01
  1.75   89.5   0.01
  2.00   50.0   0.00
  2.00   50.5   0.00
  2.00   51.0   0.00
  2.00   51.5   0.00
  2.00   52.0   0.00
  2.00   52.5   0.00
  2.00   53.0   0.00
  2.00   53.5   0.00
  2.00   54.0   0.00
  2.00   54.5   0.00
  2.00   55.0   0.00
  2.00   55.5   0.00
  2.00   56.0   0.00
  2.00   56.5   0.00
  2.00   57.0   0.00
  2.00   57.5   0.00
  2.00   58.0   0.00
  2.00   58.5   0.00
  2.00   59.0   0.01
  2.00   59.5   0.01
  2.00   60.0   0.98
  2.00   60.5   0.88
  2.00   61.0   0.79
  2.00   61.5   0.46
  2.00   62.0   0.67
  2.00   62.5   0.61
  2.00   63.0   1.03
  2.00   63.5   1.42
  2.00   64.0   1.49
  2.00   64.5   1.64
  2.00   65.0   1.53
  2.00   65.5   1.61
  2.00   66.0   1.58
  2.00   66.5   1.42
  2.00   67.0   1.13
  2.00   67.5   1.01
  2.00   68.0   0.78
  2.00   68.5   0.62
  2.00   69.0   0.51
  2.00   69.5   0.44
  2.00   70.0   0.36
  2.00   70.5   0.20
  2.00   71.0   0.20
  2.00   71.5   0.24
  2.00   72.0   0.20
  2.00   72.5   0.17
  2.00   73.0   0.15
  2.00   73.5   0.12
  2.00   74.0   0.10
  2.00   74.5   0.10
  2.00   75.0   0.07
  2.00   75.5   0.06
  2.00   76.0   0.07
  2.00   76.5   0.05
  2.00   77.0   0.04
  2.00   77.5   0.04
  2.00   78.0   0.04
  2.00   78.5   0.03
  2.00   79.0   0.02
  2.00   79.5   0.03
  2.00   80.0   0.03
  2.00   80.5   0.02
  2.00   81.0   0.03
  2.00   81.5   0.03
  2.00   82.0   0.02
  2.00   82.5   0.02
  2.00   83.0   0.02
  2.00   83.5   0.02
  2.00   84.0   0.03
  2.00   84.5   0.02
  2.00   85.0   0.02
  2.00   85.5   0.02
  2.00   86.0   0.02
  2.00   86.5   0.02
  2.00   87.0   0.02
  2.00   87.5   0.02
  2.00   88.0   0.02
  2.00   88.5   0.02
  2.00   89.0   0.01
  2.00   89.5   0.01
  2.25   50.0   0.00
  2.25   50.5   0.00
  2.25   51.0   0.00
  2.25   51.5   0.00
  2.25   52.0   0.00
  2.25   52.5   0.00
  2.25   53.0   0.00
  2.25   53.5   0.00
  2.25   54.0   0.00
  2.25   54.5   0.00
  2.25   55.0   0.00
  2.25   55.5   0.00
  2.25   56.0   0.00
  2.25   56.5   0.00
  2.25   57.0   0.00
  2.25   57.5   0.00
  2.25   58.0   0.01
  2.25   58.5   0.05
  2.25   59.0   0.07
  2.25   59.5   0.19
  2.25   60.0   0.31
  2.25   60.5   0.30
  2.25   61.0   0.37
  2.25   61.5   0.42
  2.25   62.0   0.49
  2.25   62.5   0.78
  2.25   63.0   1.07
  2.25   63.5   1.36
  2.25   64.0   1.49
  2.25   64.5   1.56
  2.25   65.0   1.72
  2.25   65.5   1.77
  2.25   66.0   1.58
  2.25   66.5   1.39
  2.25   67.0   1.23
  2.25   67.5   0.98
  2.25   68.0   0.81
  2.25   68.5   0.66
  2.25   69.0   0.47
  2.25   69.5   0.33
  2.25   70.0   0.27
  2.25   70.5   0.24
  2.25   71.0   0.27
  2.25   71.5   0.21
  2.25   72.0   0.19
  2.25   72.5   0.15
  2.25   73.0   0.14
  2.25   73.5   0.13
  2.25   74.0   0.11
  2.25   74.5   0.09
  2.25   75.0   0.08
  2.25   75.5   0.08
  2.25   76.0   0.07
  2.25   76.5   0.06
  2.25   77.0   0.04
  2.25   77.5   0.05
  2.25   78.0   0.04
  2.25   78.5   0.03
  2.25   79.0   0.04
  2.25   79.5   0.03
  2.25   80.0   0.03
  2.25   80.5   0.03
  2.25   81.0   0.03
  2.25   81.5   0.03
  2.25   82.0   0.02
  2.25   82.5   0.02
  2.25   83.0   0.03
  2.25   83.5   0.02
  2.25   84.0   0.02
  2.25   84.5   0.02
  2.25   85.0   0.02
  2.25   85.5   0.02
  2.25   86.0   0.02
  2.25   86.5   0.02
  2.25   87.0   0.02
  2.25   87.5   0.02
  2.25   88.0   0.02
  2.25   88.5   0.02
  2.25   89.0   0.02
  2.25   89.5   0.01
  2.50   50.0   0.00
  2.50   50.5   0.00
  2.50   51.0   0.00
  2.50   51.5   0.00
  2.50   52.0   0.00
  2.50   52.5   0.00
  2.50   53.0   0.00
  2.50   53.5   0.00
  2.50   54.0   0.00
  2.50   54.5   0.00
  2.50   55.0   0.00
  2.50   55.5   0.01
  2.50   56.0   0.01
  2.50   56.5   0.01
  2.50   57.0   0.02
  2.50   57.5   0.02
  2.50   58.0   0.03
  2.50   58.5   0.03
  2.50   59.0   0.07
  2.50   59.5   0.12
  2.50   60.0   0.15
  2.50   60.5   0.12
  2.50   61.0   0.25
  2.50   61.5   0.43
  2.50   62.0   0.62
  2.50   62.5   0.85
  2.50   63.0   1.07
  2.50   63.5   1.21
  2.50   64.0   1.51
  2.50   64.5   1.75
  2.50   65.0   1.79
  2.50   65.5   1.67
  2.50   66.0   1.59
  2.50   66.5   1.42
  2.50   67.0   1.20
  2.50   67.5   0.98
  2.50   68.0   0.70
  2.50   68.5   0.52
  2.50   69.0   0.40
  2.50   69.5   0.31
  2.50   70.0   0.43
  2.50   70.5   0.33
  2.50   71.0   0.28
  2.50   71.5   0.22
  2.50   72.0   0.19
  2.50   72.5   0.16
  2.50   73.0   0.13
  2.50   73.5   0.11
  2.50   74.0   0.10
  2.50   74.5   0.10
  2.50   75.0   0.09
  2.50   75.5   0.07
  2.50   76.0   0.06
  2.50   76.5   0.05
  2.50   77.0   0.05
  2.50   77.5   0.05
  2.50   78.0   0.04
  2.50   78.5   0.04
  2.50   79.0   0.03
  2.50   79.5   0.03
  2.50   80.0   0.03
  2.50   80.5   0.03
  2.50   81.0   0.03
  2.50   81.5   0.02
  2.50   82.0   0.02
  2.50   82.5   0.03
  2.50   83.0   0.03
  2.50   83.5   0.02
  2.50   84.0   0.02
  2.50   84.5   0.02
  2.50   85.0   0.02
  2.50   85.5   0.02
  2.50   86.0   0.02
  2.50   86.5   0.02
  2.50   87.0   0.02
  2.50   87.5   0.02
  2.50   88.0   0.02
  2.50   88.5   0.02
  2.50   89.0   0.02
  2.50   89.5   0.02
  2.75   50.0   0.00
  2.75   50.5   0.00
  2.75   51.0   0.00
  2.75   51.5   0.00
  2.75   52.0   0.00
  2.75   52.5   0.00
  2.75   53.0   0.01
  2.75   53.5   0.01
  2.75   54.0   0.01
  2.75   54.5   0.01
  2.75   55.0   0.01
  2.75   55.5   0.01
  2.75   56.0   0.02
  2.75   56.5   0.02
  2.75   57.0   0.02
  2.75   57.5   0.03
  2.75   58.0   0.02
  2.75   58.5   0.04
  2.75   59.0   0.04
  2.75   59.5   0.07
  2.75   60.0   0.14
  2.75   60.5   0.26
  2.75   61.0   0.33
  2.75   61.5   0.44
  2.75   62.0   0.59
  2.75   62.5   0.77
  2.75   63.0   0.97
  2.75   63.5   1.32
  2.75   64.0   1.56
  2.75   64.5   1.63
  2.75   65.0   1.67
  2.75   65.5   1.64
  2.75   66.0   1.68
  2.75   66.5   1.21
  2.75   67.0   1.07
  2.75   67.5   0.84
  2.75   68.0   0.67
  2.75   68.5   0.75
  2.75   69.0   0.57
  2.75   69.5   0.48
  2.75   70.0   0.41
  2.75   70.5   0.34
  2.75   71.0   0.27
  2.75   71.5   0.22
  2.75   72.0   0.19
  2.75   72.5   0.17
  2.75   73.0   0.13
  2.75   73.5   0.10
  2.75   74.0   0.11
  2.75   74.5   0.10
  2.75   75.0   0.09
  2.75   75.5   0.07
  2.75   76.0   0.07
  2.75   76.5   0.07
  2.75   77.0   0.05
  2.75   77.5   0.05
  2.75   78.0   0.04
  2.75   78.5   0.04
  2.75   79.0   0.03
  2.75   79.5   0.03
  2.75   80.0   0.03
  2.75   80.5   0.03
  2.75   81.0   0.03
  2.75   81.5   0.03
  2.75   82.0   0.03
  2.75   82.5   0.03
  2.75   83.0   0.03
  2.75   83.5   0.02
  2.75   84.0   0.02
  2.75   84.5   0.02
  2.75   85.0   0.02
  2.75   85.5   0.02
  2.75   86.0   0.02
  2.75   86.5   0.02
  2.75   87.0   0.02
  2.75   87.5   0.02
  2.75   88.0   0.02
  2.75   88.5   0.02
  2.75   89.0   0.02
  2.75   89.5   0.01
  3.00   50.0   0.00
  3.00   50.5   0.00
  3.00   51.0   0.00
  3.00   51.5   0.01
  3.00   52.0   0.01
  3.00   52.5   0.01
  3.00   53.0   0.01
  3.00   53.5   0.01
  3.00   54.0   0.01
  3.00   54.5   0.01
  3.00   55.0   0.01
  3.00   55.5   0.01
  3.00   56.0   0.01
  3.00   56.5   0.01
  3.00   57.0   0.02
  3.00   57.5   0.02
  3.00   58.0   0.03
  3.00   58.5   0.05
  3.00   59.0   0.08
  3.00   59.5   0.14
  3.00   60.0   0.17
  3.00   60.5   0.25
  3.00   61.0   0.32
  3.00   61.5   0.43
  3.00   62.0   0.59
  3.00   62.5   0.78
  3.00   63.0   1.00
  3.00   63.5   1.15
  3.00   64.0   1.34
  3.00   64.5   1.09
  3.00   65.0   1.33
  3.00   65.5   1.35
  3.00   66.0   1.32
  3.00   66.5   1.10
  3.00   67.0   1.59
  3.00   67.5   1.21
  3.00   68.0   1.03
  3.00   68.5   0.79
  3.00   69.0   0.60
  3.00   69.5   0.49
  3.00   70.0   0.40
  3.00   70.5   0.34
  3.00   71.0   0.30
  3.00   71.5   0.23
  3.00   72.0   0.19
  3.00   72.5   0.15
  3.00   73.0   0.14
  3.00   73.5   0.15
  3.00   74.0   0.12
  3.00   74.5   0.10
  3.00   75.0   0.09
  3.00   75.5   0.08
  3.00   76.0   0.08
  3.00   76.5   0.06
  3.00   77.0   0.06
  3.00   77.5   0.05
  3.00   78.0   0.05
  3.00   78.5   0.03
  3.00   79.0   0.04
  3.00   79.5   0.04
  3.00   80.0   0.03
  3.00   80.5   0.03
  3.00   81.0   0.03
  3.00   81.5   0.03
  3.00   82.0   0.03
  3.00   82.5   0.03
  3.00   83.0   0.02
  3.00   83.5   0.02
  3.00   84.0   0.02
  3.00   84.5   0.02
  3.00   85.0   0.02
  3.00   85.5   0.02
  3.00   86.0   0.02
  3.00   86.5   0.02
  3.00   87.0   0.02
  3.00   87.5   0.02
  3.00   88.0   0.01
  3.00   88.5   0.02
  3.00   89.0   0.02
  3.00   89.5   0.01
  3.25   50.0   0.00
  3.25   50.5   0.01
  3.25   51.0   0.01
  3.25   51.5   0.01
  3.25   52.0   0.01
  3.25   52.5   0.01
  3.25   53.0   0.01
  3.25   53.5   0.01
  3.25   54.0   0.01
  3.25   54.5   0.01
  3.25   55.0   0.01
  3.25   55.5   0.01
  3.25   56.0   0.03
  3.25   56.5   0.02
  3.25   57.0   0.02
  3.25   57.5   0.03
  3.25   58.0   0.04
  3.25   58.5   0.05
  3.25   59.0   0.10
  3.25   59.5   0.12
  3.25   60.0   0.14
  3.25   60.5   0.22
  3.25   61.0   0.31
  3.25   61.5   0.40
  3.25   62.0   0.32
  3.25   62.5   0.53
  3.25   63.0   0.71
  3.25   63.5   0.93
  3.25   64.0   1.11
  3.25   64.5   1.18
  3.25   65.0   1.28
  3.25   65.5   2.11
  3.25   66.0   1.88
  3.25   66.5   1.64
  3.25   67.0   1.40
  3.25   67.5   1.28
  3.25   68.0   1.04
  3.25   68.5   0.84
  3.25   69.0   0.67
  3.25   69.5   0.50
  3.25   70.0   0.43
  3.25   70.5   0.36
  3.25   71.0   0.27
  3.25   71.5   0.22
  3.25   72.0   0.21
  3.25   72.5   0.20
  3.25   73.0   0.15
  3.25   73.5   0.14
  3.25   74.0   0.11
  3.25   74.5   0.10
  3.25   75.0   0.10
  3.25   75.5   0.09
  3.25   76.0   0.08
  3.25   76.5   0.07
  3.25   77.0   0.06
  3.25   77.5   0.05
  3.25   78.0   0.05
  3.25   78.5   0.04
  3.25   79.0   0.04
  3.25   79.5   0.04
  3.25   80.0   0.04
  3.25   80.5   0.03
  3.25   81.0   0.03
  3.25   81.5   0.03
  3.25   82.0   0.03
  3.25   82.5   0.02
  3.25   83.0   0.03
  3.25   83.5   0.03
  3.25   84.0   0.02
  3.25   84.5   0.02
  3.25   85.0   0.02
  3.25   85.5   0.02
  3.25   86.0   0.02
  3.25   86.5   0.02
  3.25   87.0   0.02
  3.25   87.5   0.02
  3.25   88.0   0.01
  3.25   88.5   0.02
  3.25   89.0   0.02
  3.25   89.5   0.01
  3.50   50.0   0.01
  3.50   50.5   0.01
  3.50   51.0   0.01
  3.50   51.5   0.01
  3.50   52.0   0.01
  3.50   52.5   0.01
  3.50   53.0   0.01
  3.50   53.5   0.01
  3.50   54.0   0.01
  3.50   54.5   0.02
  3.50   55.0   0.01
  3.50   55.5   0.01
  3.50   56.0   0.02
  3.50   56.5   0.02
  3.50   57.0   0.02
  3.50   57.5   0.03
  3.50   58.0   0.04
  3.50   58.5   0.07
  3.50   59.0   0.05
  3.50   59.5   0.07
  3.50   60.0   0.09
  3.50   60.5   0.12
  3.50   61.0   0.19
  3.50   61.5   0.29
  3.50   62.0   0.42
  3.50   62.5   0.54
  3.50   63.0   0.85
  3.50   63.5   1.23
  3.50   64.0   1.41
  3.50   64.5   1.80
  3.50   65.0   2.04
  3.50   65.5   2.02
  3.50   66.0   1.91
  3.50   66.5   1.77
  3.50   67.0   1.57
  3.50   67.5   1.30
  3.50   68.0   1.11
  3.50   68.5   0.85
  3.50   69.0   0.67
  3.50   69.5   0.52
  3.50   70.0   0.43
  3.50   70.5   0.33
  3.50   71.0   0.28
  3.50   71.5   0.23
  3.50   72.0   0.21
  3.50   72.5   0.17
  3.50   73.0   0.15
  3.50   73.5   0.12
  3.50   74.0   0.11
  3.50   74.5   0.11
  3.50   75.0   0.11
  3.50   75.5   0.08
  3.50   76.0   0.07
  3.50   76.5   0.07
  3.50   77.0   0.06
  3.50   77.5   0.06
  3.50   78.0   0.05
  3.50   78.5   0.04
  3.50   79.0   0.04
  3.50   79.5   0.04
  3.50   80.0   0.04
  3.50   80.5   0.03
  3.50   81.0   0.03
  3.50   81.5   0.03
  3.50   82.0   0.03
  3.50   82.5   0.03
  3.50   83.0   0.03
  3.50   83.5   0.02
  3.50   84.0   0.03
  3.50   84.5   0.02
  3.50   85.0   0.02
  3.50   85.5   0.02
  3.50   86.0   0.02
  3.50   86.5   0.02
  3.50   87.0   0.02
  3.50   87.5   0.02
  3.50   88.0   0.02
  3.50   88.5   0.02
  3.50   89.0   0.02
  3.50   89.5   0.02
  3.75   50.0   0.01
  3.75   50.5   0.01
  3.75   51.0   0.01
  3.75   51.5   0.01
  3.75   52.0   0.01
  3.75   52.5   0.01
  3.75   53.0   0.01
  3.75   53.5   0.01
  3.75   54.0   0.01
  3.75   54.5   0.01
  3.75   55.0   0.01
  3.75   55.5   0.01
  3.75   56.0   0.02
  3.75   56.5   0.02
  3.75   57.0   0.02
  3.75   57.5   0.02
  3.75   58.0   0.03
  3.75   58.5   0.04
  3.75   59.0   0.06
  3.75   59.5   0.06
  3.75   60.0   0.10
  3.75   60.5   0.17
  3.75   61.0   0.28
  3.75   61.5   0.41
  3.75   62.0   0.56
  3.75   62.5   0.70
  3.75   63.0   0.97
  3.75   63.5   1.23
  3.75   64.0   1.47
  3.75   64.5   1.69
  3.75   65.0   1.87
  3.75   65.5   1.91
  3.75   66.0   1.86
  3.75   66.5   1.76
  3.75   67.0   1.62
  3.75   67.5   1.29
  3.75   68.0   1.03
  3.75   68.5   0.87
  3.75   69.0   0.70
  3.75   69.5   0.58
  3.75   70.0   0.44
  3.75   70.5   0.38
  3.75   71.0   0.30
  3.75   71.5   0.26
  3.75   72.0   0.22
  3.75   72.5   0.17
  3.75   73.0   0.16
  3.75   73.5   0.14
  3.75   74.0   0.13
  3.75   74.5   0.11
  3.75   75.0   0.11
  3.75   75.5   0.09
  3.75   76.0   0.08
  3.75   76.5   0.08
  3.75   77.0   0.07
  3.75   77.5   0.06
  3.75   78.0   0.05
  3.75   78.5   0.05
  3.75   79.0   0.04
  3.75   79.5   0.04
  3.75   80.0   0.04
  3.75   80.5   0.04
  3.75   81.0   0.04
  3.75   81.5   0.03
  3.75   82.0   0.03
  3.75   82.5   0.03
  3.75   83.0   0.03
  3.75   83.5   0.03
  3.75   84.0   0.02
  3.75   84.5   0.02
  3.75   85.0   0.02
  3.75   85.5   0.02
  3.75   86.0   0.02
  3.75   86.5   0.02
  3.75   87.0   0.02
  3.75   87.5   0.02
  3.75   88.0   0.02
  3.75   88.5   0.02
  3.75   89.0   0.02
  3.75   89.5   0.01
  4.00   50.0   0.01
  4.00   50.5   0.01
  4.00   51.0   0.01
  4.00   51.5   0.01
  4.00   52.0   0.01
  4.00   52.5   0.01
  4.00   53.0   0.01
  4.00   53.5   0.01
  4.00   54.0   0.01
  4.00   54.5   0.01
  4.00   55.0   0.01
  4.00   55.5   0.02
  4.00   56.0   0.02
  4.00   56.5   0.02
  4.00   57.0   0.03
  4.00   57.5   0.04
  4.00   58.0   0.07
  4.00   58.5   0.07
  4.00   59.0   0.09
  4.00   59.5   0.11
  4.00   60.0   0.15
  4.00   60.5   0.22
  4.00   61.0   0.32
  4.00   61.5   0.43
  4.00   62.0   0.58
  4.00   62.5   0.76
  4.00   63.0   0.92
  4.00   63.5   1.17
  4.00   64.0   1.39
  4.00   64.5   1.66
  4.00   65.0   1.83
  4.00   65.5   1.86
  4.00   66.0   1.95
  4.00   66.5   1.84
  4.00   67.0   1.51
  4.00   67.5   1.34
  4.00   68.0   1.14
  4.00   68.5   0.91
  4.00   69.0   0.75
  4.00   69.5   0.61
  4.00   70.0   0.51
  4.00   70.5   0.41
  4.00   71.0   0.35
  4.00   71.5   0.27
  4.00   72.0   0.24
  4.00   72.5   0.22
  4.00   73.0   0.19
  4.00   73.5   0.17
  4.00   74.0   0.14
  4.00   74.5   0.12
  4.00   75.0   0.11
  4.00   75.5   0.09
  4.00   76.0   0.09
  4.00   76.5   0.09
  4.00   77.0   0.07
  4.00   77.5   0.06
  4.00   78.0   0.05
  4.00   78.5   0.05
  4.00   79.0   0.05
  4.00   79.5   0.04
  4.00   80.0   0.04
  4.00   80.5   0.03
  4.00   81.0   0.04
  4.00   81.5   0.04
  4.00   82.0   0.03
  4.00   82.5   0.03
  4.00   83.0   0.04
  4.00   83.5   0.03
  4.00   84.0   0.02
  4.00   84.5   0.02
  4.00   85.0   0.02
  4.00   85.5   0.02
  4.00   86.0   0.02
  4.00   86.5   0.02
  4.00   87.0   0.02
  4.00   87.5   0.02
  4.00   88.0   0.02
  4.00   88.5   0.02
  4.00   89.0   0.02
  4.00   89.5   0.02
  4.25   50.0   0.01
  4.25   50.5   0.01
  4.25   51.0   0.01
  4.25   51.5   0.01
  4.25   52.0   0.01
  4.25   52.5   0.01
  4.25   53.0   0.02
  4.25   53.5   0.02
  4.25   54.0   0.02
  4.25   54.5   0.02
  4.25   55.0   0.02
  4.25   55.5   0.02
  4.25   56.0   0.02
  4.25   56.5   0.02
  4.25   57.0   0.02
  4.25   57.5   0.03
  4.25   58.0   0.03
  4.25   58.5   0.05
  4.25   59.0   0.08
  4.25   59.5   0.11
  4.25   60.0   0.16
  4.25   60.5   0.21
  4.25   61.0   0.29
  4.25   61.5   0.38
  4.25   62.0   0.55
  4.25   62.5   0.65
  4.25   63.0   0.82
  4.25   63.5   1.07
  4.25   64.0   1.30
  4.25   64.5   1.50
  4.25   65.0   1.67
  4.25   65.5   1.89
  4.25   66.0   1.94
  4.25   66.5   1.71
  4.25   67.0   1.55
  4.25   67.5   1.41
  4.25   68.0   1.19
  4.25   68.5   0.99
  4.25   69.0   0.82
  4.25   69.5   0.67
  4.25   70.0   0.57
  4.25   70.5   0.45
  4.25   71.0   0.38
  4.25   71.5   0.33
  4.25   72.0   0.30
  4.25   72.5   0.24
  4.25   73.0   0.19
  4.25   73.5   0.16
  4.25   74.0   0.15
  4.25   74.5   0.13
  4.25   75.0   0.11
  4.25   75.5   0.10
  4.25   76.0   0.09
  4.25   76.5   0.10
  4.25   77.0   0.08
  4.25   77.5   0.07
  4.25   78.0   0.06
  4.25   78.5   0.06
  4.25   79.0   0.05
  4.25   79.5   0.05
  4.25   80.0   0.04
  4.25   80.5   0.04
  4.25   81.0   0.04
  4.25   81.5   0.03
  4.25   82.0   0.04
  4.25   82.5   0.03
  4.25   83.0   0.03
  4.25   83.5   0.02
  4.25   84.0   0.03
  4.25   84.5   0.02
  4.25   85.0   0.02
  4.25   85.5   0.02
  4.25   86.0   0.02
  4.25   86.5   0.02
  4.25   87.0   0.02
  4.25   87.5   0.02
  4.25   88.0   0.02
  4.25   88.5   0.02
  4.25   89.0   0.02
  4.25   89.5   0.01
  4.50   50.0   0.02
  4.50   50.5   0.02
  4.50   51.0   0.02
  4.50   51.5   0.02
  4.50   52.0   0.02
  4.50   52.5   0.02
  4.50   53.0   0.02
  4.50   53.5   0.02
  4.50   54.0   0.02
  4.50   54.5   0.02
  4.50   55.0   0.02
  4.50   55.5   0.02
  4.50   56.0   0.02
  4.50   56.5   0.03
  4.50   57.0   0.04
  4.50   57.5   0.04
  4.50   58.0   0.05
  4.50   58.5   0.07
  4.50   59.0   0.08
  4.50   59.5   0.13
  4.50   60.0   0.15
  4.50   60.5   0.22
  4.50   61.0   0.27
  4.50   61.5   0.34
  4.50   62.0   0.45
  4.50   62.5   0.59
  4.50   63.0   0.75
  4.50   63.5   0.91
  4.50   64.0   1.14
  4.50   64.5   1.38
  4.50   65.0   1.71
  4.50   65.5   1.94
  4.50   66.0   1.92
  4.50   66.5   1.83
  4.50   67.0   1.71
  4.50   67.5   1.48
  4.50   68.0   1.27
  4.50   68.5   1.08
  4.50   69.0   0.90
  4.50   69.5   0.76
  4.50   70.0   0.62
  4.50   70.5   0.51
  4.50   71.0   0.40
  4.50   71.5   0.33
  4.50   72.0   0.27
  4.50   72.5   0.22
  4.50   73.0   0.20
  4.50   73.5   0.19
  4.50   74.0   0.16
  4.50   74.5   0.15
  4.50   75.0   0.12
  4.50   75.5   0.11
  4.50   76.0   0.10
  4.50   76.5   0.09
  4.50   77.0   0.08
  4.50   77.5   0.06
  4.50   78.0   0.06
  4.50   78.5   0.06
  4.50   79.0   0.05
  4.50   79.5   0.05
  4.50   80.0   0.05
  4.50   80.5   0.04
  4.50   81.0   0.04
  4.50   81.5   0.04
  4.50   82.0   0.03
  4.50   82.5   0.03
  4.50   83.0   0.03
  4.50   83.5   0.03
  4.50   84.0   0.02
  4.50   84.5   0.02
  4.50   85.0   0.02
  4.50   85.5   0.02
  4.50   86.0   0.02
  4.50   86.5   0.02
  4.50   87.0   0.02
  4.50   87.5   0.02
  4.50   88.0   0.02
  4.50   88.5   0.02
  4.50   89.0   0.02
  4.50   89.5   0.01
  4.75   50.0   0.02
  4.75   50.5   0.02
  4.75   51.0   0.02
  4.75   51.5   0.02
  4.75   52.0   0.02
  4.75   52.5   0.02
  4.75   53.0   0.02
  4.75   53.5   0.02
  4.75   54.0   0.02
  4.75   54.5   0.02
  4.75   55.0   0.02
  4.75   55.5   0.02
  4.75   56.0   0.02
  4.75   56.5   0.03
  4.75   57.0   0.03
  4.75   57.5   0.03
  4.75   58.0   0.04
  4.75   58.5   0.05
  4.75   59.0   0.06
  4.75   59.5   0.08
  4.75   60.0   0.11
  4.75   60.5   0.17
  4.75   61.0   0.23
  4.75   61.5   0.27
  4.75   62.0   0.39
  4.75   62.5   0.54
  4.75   63.0   0.73
  4.75   63.5   0.90
  4.75   64.0   1.10
  4.75   64.5   1.39
  4.75   65.0   1.59
  4.75   65.5   1.72
  4.75   66.0   1.74
  4.75   66.5   1.75
  4.75   67.0   1.62
  4.75   67.5   1.48
  4.75   68.0   1.29
